346.57	1538.02
346.78	1538.02
346.99	1538.02
347.20	1578.98
347.41	1472.49
347.62	1718.25
347.83	1619.94
348.04	1679.33
348.25	1699.81
348.46	1701.86
348.67	1722.34
348.88	1675.24
349.09	1771.49
349.30	1720.29
349.51	1650.66
349.72	1656.81
349.93	1699.81
350.14	1697.77
350.35	2062.30
350.56	2297.82
350.77	2410.46
350.98	2258.91
351.19	2220.00
351.40	2267.10
351.61	2295.77
351.82	2133.98
352.03	2201.57
352.24	2404.32
352.45	2369.50
352.66	2213.85
352.87	2250.72
353.08	2250.72
353.29	2324.44
353.50	2361.31
353.71	2400.22
353.92	2330.59
354.13	2297.82
354.34	2279.39
354.55	2246.62
354.76	2267.10
354.97	2346.97
355.18	2291.68
355.39	2387.93
355.60	2287.58
355.80	2328.54
356.01	2174.94
356.22	2351.07
356.43	2281.44
356.64	2295.77
356.85	2279.39
357.06	2349.02
357.27	2334.68
357.48	2424.80
357.69	2316.25
357.90	2351.07
358.11	2328.54
358.32	2201.57
358.53	2275.29
358.74	2269.15
358.95	2281.44
359.16	2418.65
359.37	2226.14
359.58	2402.27
359.79	2238.43
360.00	2320.35
360.21	2344.92
360.42	2351.07
360.63	2330.59
360.84	2344.92
361.05	2281.44
361.26	2330.59
361.46	2353.12
361.67	2303.96
361.88	2283.49
362.09	2312.16
362.30	2422.75
362.51	2504.67
362.72	2355.16
362.93	2453.47
363.14	2344.92
363.35	2373.60
363.56	2338.78
363.77	2330.59
363.98	2439.13
364.19	2443.23
364.40	2426.84
364.61	2389.98
364.82	2314.20
365.03	2414.56
365.24	2475.99
365.44	2256.86
365.65	2389.98
365.86	2437.08
366.07	2394.08
366.28	2336.73
366.49	2480.09
366.70	2461.66
366.91	2449.37
367.12	2353.12
367.33	2420.70
367.54	2418.65
367.75	2512.86
367.96	2297.82
368.17	2389.98
368.38	2408.41
368.58	2443.23
368.79	2553.82
369.00	2445.27
369.21	2398.17
369.42	2455.51
369.63	2500.57
369.84	2455.51
370.05	2410.46
370.26	2381.79
370.47	2465.75
370.68	2463.71
370.89	2406.36
371.09	2435.03
371.30	2492.38
371.51	2447.32
371.72	2385.88
371.93	2531.29
372.14	2367.45
372.35	2512.86
372.56	2441.18
372.77	2312.16
372.98	2469.85
373.19	2510.81
373.40	2516.95
373.60	2420.70
373.81	2453.47
374.02	2529.24
374.23	2451.42
374.44	2465.75
374.65	2484.19
374.86	2480.09
375.07	2396.12
375.28	2416.60
375.49	2510.81
375.69	2500.57
375.90	2484.19
376.11	2447.32
376.32	2465.75
376.53	2430.94
376.74	2328.54
376.95	2418.65
377.16	2408.41
377.37	2498.52
377.58	2490.33
377.78	2506.71
377.99	2514.91
378.20	2553.82
378.41	2623.45
378.62	2545.63
378.83	2508.76
379.04	2504.67
379.25	2578.39
379.46	2529.24
379.66	2607.06
379.87	2486.23
380.08	2572.25
380.29	2523.10
380.50	2570.20
380.71	2484.19
380.92	2590.68
381.13	2447.32
381.33	2400.22
381.54	2717.65
381.75	2654.17
381.96	2449.37
382.17	2572.25
382.38	2594.78
382.59	2549.72
382.80	2553.82
383.00	2643.93
383.21	2600.92
383.42	2488.28
383.63	2486.23
383.84	2580.44
384.05	2531.29
384.26	2641.88
384.47	2535.39
384.67	2617.30
384.88	2519.00
385.09	2576.34
385.30	2691.03
385.51	2672.60
385.72	2627.54
385.93	2486.23
386.13	2611.16
386.34	2590.68
386.55	2660.31
386.76	2596.82
386.97	2613.21
387.18	2619.35
387.39	2592.73
387.59	2627.54
387.80	2695.13
388.01	2705.37
388.22	2578.39
388.43	2682.84
388.64	2693.08
388.85	2637.78
389.05	2729.94
389.26	2721.75
389.47	2719.70
389.68	2731.99
389.89	2734.04
390.10	2645.98
390.31	2660.31
390.51	2701.27
390.72	2701.27
390.93	2645.98
391.14	2619.35
391.35	2746.33
391.56	2758.61
391.76	2725.85
391.97	2678.74
392.18	2668.50
392.39	2623.45
392.60	2805.72
392.81	2645.98
393.01	2668.50
393.22	2775.00
393.43	2719.70
393.64	2713.56
393.85	2719.70
394.06	2772.95
394.26	2828.24
394.47	2734.04
394.68	2783.19
394.89	2729.94
395.10	2736.09
395.31	2729.94
395.51	2822.10
395.72	2738.13
395.93	2748.37
396.14	2701.27
396.35	2811.86
396.55	2799.57
396.76	2842.58
396.97	2844.63
397.18	2785.24
397.39	2883.54
397.60	2785.24
397.80	2740.18
398.01	2832.34
398.22	2787.29
398.43	2848.72
398.64	2750.42
398.84	2867.16
399.05	2766.81
399.26	2881.49
399.47	2715.61
399.68	2799.57
399.88	2914.26
400.09	2811.86
400.30	2742.23
400.51	2807.77
400.72	2854.87
400.92	2861.01
401.13	2879.44
401.34	2908.12
401.55	2973.65
401.76	2928.60
401.96	2858.96
402.17	2899.92
402.38	2840.53
402.59	3020.75
402.80	3323.85
403.00	2942.93
403.21	2942.93
403.42	2895.83
403.63	2990.03
403.84	2983.89
404.04	2916.31
404.25	2867.16
404.46	2987.99
404.67	2965.46
404.88	3037.14
405.08	3057.62
405.29	2953.17
405.50	2990.03
405.71	2996.18
405.91	3045.33
406.12	2979.79
406.33	2953.17
406.54	3061.71
406.75	2940.88
406.95	2949.08
407.16	3094.48
407.37	3063.76
407.58	3119.06
407.78	3454.92
407.99	2992.08
408.20	3137.49
408.41	3178.45
408.62	2992.08
408.82	2930.64
409.03	3145.68
409.24	3106.77
409.45	3106.77
409.65	3110.86
409.86	2926.55
410.07	3090.38
410.28	3041.23
410.48	3147.73
410.69	3002.32
410.90	3233.74
411.11	3231.69
411.31	3141.58
411.52	3114.96
411.73	3188.69
411.94	3196.88
412.14	3272.65
412.35	3192.78
412.56	3278.80
412.77	3067.86
412.98	3049.43
413.18	3102.67
413.39	3307.47
413.60	3200.98
413.81	3317.71
414.01	3264.46
414.22	3260.37
414.43	3241.93
414.64	3198.93
414.84	3346.38
415.05	3284.94
415.26	3235.79
415.46	3223.50
415.67	3293.13
415.88	3309.52
416.09	3225.55
416.29	3276.75
416.50	3334.09
416.71	3282.89
416.92	3315.66
417.12	3262.41
417.33	3293.13
417.54	3284.94
417.75	3311.57
417.95	3313.61
418.16	3395.53
418.37	3391.44
418.58	3270.61
418.78	3225.55
418.99	3418.06
419.20	3430.35
419.40	3479.50
419.61	3395.53
419.82	3342.28
420.03	3389.39
420.23	3512.27
420.44	3407.82
420.65	3387.34
420.85	3381.20
421.06	3481.55
421.27	3428.30
421.48	3479.50
421.68	3446.73
421.89	3465.16
422.10	3499.98
422.30	3489.74
422.51	3420.11
422.72	3436.49
422.93	3438.54
423.13	3413.96
423.34	3549.13
423.55	3522.51
423.75	3606.47
423.96	3483.59
424.17	3545.03
424.38	3604.42
424.58	3499.98
424.79	3583.95
425.00	3512.27
425.20	3528.65
425.41	3565.51
425.62	3618.76
425.83	3561.42
426.03	3514.31
426.24	3618.76
426.45	3610.57
426.65	3514.31
426.86	3579.85
427.07	3592.14
427.27	3651.53
427.48	3657.67
427.69	3633.10
427.89	3612.62
428.10	3712.97
428.31	3579.85
428.52	3774.41
428.72	3702.73
428.93	3776.45
429.14	3825.61
429.34	3819.46
429.55	3700.68
429.76	3823.56
429.96	3686.34
430.17	3782.60
430.38	3796.93
430.58	3712.97
430.79	3870.66
431.00	3825.61
431.20	3753.93
431.41	3823.56
431.62	3948.48
431.82	4005.83
432.03	3905.48
432.24	3876.80
432.44	4046.79
432.65	3801.03
432.86	3925.96
433.06	3819.46
433.27	3938.24
433.48	4024.26
433.68	3946.44
433.89	3983.30
434.10	4057.03
434.30	4052.93
434.51	4110.27
434.72	4024.26
434.92	3983.30
435.13	4044.74
435.34	4126.66
435.54	3987.40
435.75	4128.70
435.96	3942.34
436.16	4063.17
436.37	4054.98
436.58	4089.79
436.78	4085.70
436.99	4138.94
437.20	4208.58
437.40	4120.51
437.61	4196.29
437.82	4233.15
438.02	4239.30
438.23	4065.22
438.43	4317.12
438.64	4294.59
438.85	4343.74
439.05	4179.90
439.26	4251.58
439.47	4315.07
439.67	4292.54
439.88	4374.46
440.09	4290.49
440.29	4411.32
440.50	4247.49
440.71	4339.65
440.91	4409.28
441.12	4345.79
441.32	4440.00
441.53	4413.37
441.74	4450.24
441.94	4241.34
442.15	4255.68
442.36	4417.47
442.56	4466.62
442.77	4421.56
442.97	4411.32
443.18	4673.46
443.39	4591.55
443.59	4480.96
443.80	4595.64
444.01	4523.96
444.21	4595.64
444.42	4681.66
444.62	4425.66
444.83	4646.84
445.04	4450.24
445.24	4700.09
445.45	4753.34
445.66	4650.94
445.86	4585.40
446.07	4532.15
446.27	4624.31
446.48	4593.59
446.69	4624.31
446.89	4530.11
447.10	4583.35
447.30	4552.63
447.51	4671.42
447.72	4650.94
447.92	4808.63
448.13	4708.28
448.33	4730.81
448.54	4872.12
448.75	4661.18
448.95	4777.91
449.16	4724.66
449.36	4784.06
449.57	4931.51
449.78	4827.06
449.98	4902.84
450.19	4917.17
450.39	4888.50
450.60	4841.40
450.81	4800.44
451.01	5023.67
451.22	4726.71
451.42	4962.23
451.63	4911.03
451.84	4956.08
452.04	5038.00
452.25	5054.39
452.45	5117.87
452.66	4884.41
452.86	4978.61
453.07	5035.96
453.28	5019.57
453.48	5078.96
453.69	5068.72
453.89	5003.19
454.10	5072.82
454.30	5019.57
454.51	5019.57
454.72	5070.77
454.92	5173.17
455.13	5195.70
455.33	5066.67
455.54	5109.68
455.74	5320.62
455.95	5212.08
456.16	5187.50
456.36	5068.72
456.57	5244.85
456.77	5320.62
456.98	5347.25
457.18	5451.69
457.39	5199.79
457.60	5320.62
457.80	5431.21
458.01	5212.08
458.21	5550.00
458.42	5375.92
458.62	5666.73
458.83	5494.70
459.03	5498.80
459.24	5537.71
459.45	5459.88
459.65	5455.79
459.86	5574.57
460.06	5445.55
460.27	5664.68
460.47	5574.57
460.68	5740.46
460.88	5846.95
461.09	5646.25
461.30	5703.59
461.50	5877.67
461.71	5904.29
461.91	5648.30
462.12	5830.57
462.32	5859.24
462.53	5894.05
462.73	5865.38
462.94	5887.91
463.14	5953.45
463.35	5898.15
463.55	5881.77
463.76	5849.00
463.96	6096.80
464.17	6135.71
464.38	5973.92
464.58	6166.43
464.79	6277.02
464.99	6182.82
465.20	6158.24
465.40	6258.59
465.61	6266.78
465.81	6176.67
466.02	6416.29
466.22	6522.78
466.43	6416.29
466.63	6363.04
466.84	6537.12
467.04	6512.54
467.25	6649.75
467.45	6686.62
467.66	6580.12
467.86	6725.53
468.07	6840.22
468.27	6848.41
468.48	6870.94
468.68	6868.89
468.89	6938.52
469.09	6778.78
469.30	6950.81
469.51	7180.18
469.71	7239.57
469.92	7083.92
470.12	7317.39
470.33	7274.38
470.53	7178.13
470.74	7372.69
470.94	7468.94
471.15	7434.13
471.35	7976.84
471.56	7487.37
471.76	7655.31
471.97	7587.72
472.17	7612.30
472.38	7872.39
472.58	7747.47
472.78	7683.98
472.99	7774.09
473.19	7796.62
473.40	8052.61
473.60	7987.08
473.81	8050.57
474.01	8255.36
474.22	8181.64
474.42	8220.55
474.63	8454.02
474.83	8408.96
475.04	8734.59
475.24	8437.63
475.45	8773.50
475.65	8599.42
475.86	8560.51
476.06	8808.31
476.27	8849.27
476.47	8597.37
476.68	9013.11
476.88	9213.81
477.09	9361.27
477.29	9148.28
477.50	9248.63
477.70	9379.70
477.90	9402.22
478.11	9549.68
478.31	9338.74
478.52	9404.27
478.72	9664.36
478.93	9807.72
479.13	9770.86
479.34	9752.43
479.54	9781.10
479.75	10035.05
479.95	9924.46
480.16	10004.33
480.36	10067.81
480.56	10239.84
480.77	10358.63
480.97	10518.37
481.18	10309.47
481.38	10631.01
481.59	10590.05
481.79	10590.05
482.00	10639.20
482.20	10866.52
482.41	11169.62
482.61	11093.85
482.81	11089.75
483.02	11011.93
483.22	10977.11
483.43	11249.49
483.63	11341.65
483.84	11362.13
484.04	11417.43
484.24	11376.47
484.45	11454.29
484.65	11867.98
484.86	11702.09
485.06	11867.98
485.27	12189.51
485.47	12072.78
485.68	11945.80
485.88	12013.38
486.08	12160.84
486.29	12482.37
486.49	12441.41
486.70	12511.04
486.90	12670.78
487.11	12676.93
487.31	12676.93
487.51	12640.06
487.72	12797.76
487.92	12937.02
488.13	13225.78
488.33	12924.73
488.53	13111.10
488.74	13039.42
488.94	13162.30
489.15	13201.21
489.35	13430.58
489.56	13250.36
489.76	13582.13
489.96	13586.22
490.17	13774.64
490.37	13797.17
490.58	14090.02
490.78	13723.44
490.98	13782.83
491.19	13961.00
491.39	13961.00
491.60	14135.08
491.80	14243.62
492.00	14333.73
492.21	14352.16
492.41	14518.05
492.62	14692.13
492.82	14544.67
493.02	14741.28
493.23	14708.51
493.43	14731.04
493.64	14935.84
493.84	14849.82
494.04	15157.02
494.25	15171.35
494.45	14950.17
494.66	15240.98
494.86	15331.09
495.06	15390.49
495.27	15320.85
495.47	15660.82
495.67	15697.68
495.88	15574.80
496.08	15871.76
496.29	15626.00
496.49	15935.24
496.69	15894.29
496.90	15816.46
497.10	16181.00
497.30	15892.24
497.51	16049.93
497.71	16252.68
497.92	16027.40
498.12	16359.17
498.32	16299.78
498.53	16449.28
498.73	16283.40
498.93	16748.29
499.14	16455.43
499.34	16791.30
499.55	16566.02
499.75	16715.52
499.95	16875.26
500.16	17014.52
500.36	17041.15
500.56	16922.37
500.77	17012.48
500.97	17104.64
501.17	17395.45
501.38	17217.27
501.58	17506.04
501.79	17430.26
501.99	17446.65
502.19	17192.70
502.40	17321.72
502.60	17678.07
502.80	17796.85
503.01	17696.50
503.21	17792.75
503.41	17553.14
503.62	18020.08
503.82	18052.84
504.02	17753.84
504.23	17827.57
504.43	18206.44
504.63	18247.40
504.84	18198.25
505.04	18204.39
505.24	18231.02
505.45	18220.78
505.65	18521.83
505.85	18607.84
506.06	18755.30
506.26	18872.03
506.46	18661.09
506.67	18925.28
506.87	18720.48
507.07	18775.78
507.28	19134.17
507.48	18657.00
507.68	18902.75
507.89	19007.20
508.09	19060.45
508.29	19162.84
508.50	19420.89
508.70	19455.70
508.90	19470.04
509.11	19742.42
509.31	19484.37
509.51	19400.41
509.72	19693.27
509.92	19293.91
510.12	19674.84
510.32	19554.01
510.53	19924.69
510.73	19740.37
510.93	19961.55
511.14	20182.73
511.34	19996.37
511.54	20137.68
511.75	20424.39
511.95	19986.13
512.15	20084.43
512.36	20420.30
512.56	20678.34
512.76	20686.53
512.96	20502.22
513.17	20311.75
513.37	20862.66
513.57	20739.78
513.78	20889.28
513.98	20747.97
514.18	20813.51
514.38	20917.95
514.59	20793.03
514.79	21063.36
514.99	20960.96
515.20	21206.72
515.40	21270.20
515.60	21341.88
515.80	21083.84
516.01	21266.11
516.21	21257.92
516.41	21501.62
516.62	21401.27
516.82	21380.79
517.02	21538.49
517.22	21589.69
517.43	21886.64
517.63	21700.28
517.83	21962.42
518.04	21900.98
518.24	22218.41
518.44	21806.77
518.64	22191.79
518.85	22214.32
519.05	21970.61
519.25	22281.90
519.45	22261.42
519.66	22478.50
519.86	22609.58
520.06	22423.21
520.26	22849.19
520.47	22609.58
520.67	22775.46
520.87	22789.80
521.08	22927.01
521.28	23109.28
521.48	23223.97
521.68	23113.38
521.89	23228.06
522.09	23453.34
522.29	23328.41
522.49	23258.78
522.70	23148.19
522.90	23621.27
523.10	23613.08
523.30	23187.10
523.51	23312.03
523.71	23770.77
523.91	23721.62
524.11	23772.82
524.31	24049.30
524.52	23695.00
524.72	24116.88
524.92	23977.62
525.12	24116.88
525.33	24069.78
525.53	24200.85
525.73	24583.82
525.93	24479.37
526.14	24401.55
526.34	24553.10
526.54	24800.90
526.74	24370.83
526.95	24657.54
527.15	24725.13
527.35	25038.47
527.55	24888.96
527.75	25067.14
527.96	24977.03
528.16	25300.61
528.36	25196.16
528.56	25177.73
528.77	25312.89
528.97	25347.71
529.17	25740.92
529.37	25200.26
529.57	25644.66
529.78	25460.35
529.98	25968.24
530.18	25761.40
530.38	25734.78
530.58	25904.76
530.79	25515.64
530.99	25810.55
531.19	26003.06
531.39	26388.08
531.59	26099.31
531.80	26470.00
532.00	26234.48
532.20	26033.78
532.40	27045.48
532.60	26519.15
532.81	26746.47
533.01	26285.68
533.21	26906.21
533.41	26764.90
533.61	26820.20
533.82	27055.72
534.02	26938.98
534.22	27266.66
534.42	27022.95
534.62	27254.37
534.83	27344.48
535.03	27223.65
535.23	27418.21
535.43	27481.69
535.63	27745.88
535.83	27453.02
536.04	27655.77
536.24	27811.42
536.44	27737.69
536.64	27799.13
536.84	27983.44
537.05	27954.77
537.25	28268.11
537.45	28644.94
537.65	28603.98
537.85	28450.38
538.05	28591.69
538.26	28429.90
538.46	28595.79
538.66	28741.19
538.86	28329.55
539.06	28509.77
539.26	28925.51
539.47	28548.68
539.67	28943.94
539.87	29273.67
540.07	28945.99
540.27	29566.52
540.47	29460.03
540.68	29613.63
540.88	29816.38
541.08	29183.55
541.28	29642.30
541.48	29621.82
541.68	29566.52
541.88	30045.75
542.09	30127.67
542.29	29701.69
542.49	30189.11
542.69	29959.73
542.89	30373.42
543.09	30019.13
543.29	30268.98
543.50	30676.52
543.70	30414.38
543.90	30514.73
544.10	30772.78
544.30	30801.45
544.50	31163.94
544.70	30719.53
544.91	31196.71
545.11	30987.82
545.31	30979.62
545.51	31313.44
545.71	31194.66
545.91	31475.23
546.11	31548.96
546.31	31264.29
546.52	31938.07
546.72	31696.41
546.92	31993.37
547.12	31548.96
547.32	31850.01
547.52	31792.67
547.72	31626.78
547.92	31993.37
548.13	32001.56
548.33	32028.18
548.53	32054.81
548.73	32257.56
548.93	32681.49
549.13	32681.49
549.33	32382.48
549.53	32355.86
549.73	32759.31
549.94	32663.05
550.14	32669.20
550.34	32919.05
550.54	32691.73
550.74	32507.41
550.94	32917.00
551.14	33093.13
551.34	33099.27
551.54	32865.80
551.74	33248.77
551.95	33537.54
552.15	33488.38
552.35	33637.89
552.55	33347.08
552.75	33410.56
552.95	33768.96
553.15	33205.77
553.35	33621.50
553.55	33963.51
553.75	34065.91
553.95	34244.09
554.16	33715.71
554.36	34033.14
554.56	33867.26
554.76	34139.64
554.96	34651.63
555.16	34178.55
555.36	34530.80
555.56	34442.74
555.76	34500.08
555.96	34629.10
556.16	34887.15
556.36	34897.39
556.57	34573.81
556.77	34670.06
556.97	34924.01
557.17	34156.02
557.37	35040.75
557.57	35214.82
557.77	34932.20
557.97	35106.28
558.17	35079.66
558.37	35001.83
558.57	35485.15
558.77	35071.46
558.97	35188.20
559.17	35456.48
559.37	35735.01
559.57	35180.01
559.78	35593.70
559.98	35186.15
560.18	35907.04
560.38	35522.02
560.58	35683.81
560.78	36060.63
560.98	35878.36
561.18	35562.98
561.38	35976.67
561.58	36191.70
561.78	35714.53
561.98	36105.69
562.18	36275.67
562.38	36097.50
562.58	36341.21
562.78	36720.08
562.98	36173.27
563.18	36472.28
563.38	36136.41
563.58	36353.49
563.78	36523.47
563.98	36316.63
564.18	36965.84
564.38	36715.98
564.58	36634.06
564.79	37090.76
564.99	37191.11
565.19	36892.11
565.39	37027.28
565.59	36619.73
565.79	36902.35
565.99	37557.70
566.19	37029.32
566.39	37307.85
566.59	37682.62
566.79	37572.03
566.99	37428.68
567.19	37318.09
567.39	37735.87
567.59	37832.13
567.79	37817.79
567.99	37453.25
568.19	38047.16
568.39	37686.72
568.59	37895.61
568.79	38036.92
568.99	38722.99
569.19	37965.24
569.39	38161.85
569.59	38194.62
569.79	38149.56
569.99	38340.02
570.19	38471.09
570.39	38913.45
570.59	39116.20
570.79	38460.85
570.99	38694.32
571.19	38643.12
571.39	38548.92
571.59	38143.42
571.79	38919.60
571.99	38751.66
572.19	38708.66
572.39	39536.04
572.59	38817.20
572.79	39519.65
572.99	39562.66
573.19	39230.89
573.39	39175.59
573.59	39212.46
573.79	39654.82
573.99	39474.60
574.19	39482.79
574.38	39763.36
574.58	39806.37
574.78	39792.03
574.98	39976.35
575.18	39927.20
575.38	40170.91
575.58	40132.00
575.78	40461.72
575.98	40248.73
576.18	40299.93
576.38	40340.89
576.58	40426.90
576.78	40500.63
576.98	40439.19
577.18	40838.54
577.38	40224.15
577.58	40699.28
577.78	41172.36
577.98	40758.67
578.18	40836.50
578.38	40629.65
578.58	40971.66
578.78	40811.92
578.98	41162.12
579.18	41534.85
579.37	41219.47
579.57	41516.42
579.77	41713.03
579.97	41438.60
580.17	41678.21
580.37	41416.07
580.57	41942.40
580.77	42358.14
580.97	42239.36
581.17	42214.78
581.37	42186.11
581.57	42194.30
581.77	42104.19
581.97	42468.73
582.17	42237.31
582.37	42079.61
582.56	42464.63
582.76	42409.34
582.96	42433.91
583.16	42945.90
583.36	42718.58
583.56	42290.55
583.76	43021.68
583.96	42923.38
584.16	42945.90
584.36	43134.32
584.56	42732.92
584.76	43066.73
584.95	43208.04
585.15	43228.52
585.35	43408.75
585.55	43492.71
585.75	44016.99
585.95	43484.52
586.15	43535.72
586.35	43943.27
586.55	43545.96
586.75	43474.28
586.95	43824.48
587.14	43877.73
587.34	44481.88
587.54	43787.62
587.74	43949.41
587.94	44451.16
588.14	44191.07
588.34	43660.65
588.54	44342.62
588.74	44645.72
588.94	44666.20
589.13	44719.45
589.33	44770.64
589.53	44623.19
589.73	44815.70
589.93	44651.86
590.13	45075.79
590.33	44858.71
590.53	44985.68
590.72	45022.54
590.92	45450.57
591.12	45215.05
591.32	45122.90
591.52	45194.57
591.72	45616.46
591.92	45360.46
592.12	45712.71
592.32	45843.78
592.51	45833.54
592.71	46204.22
592.91	46157.12
593.11	46030.15
593.31	45944.13
593.51	45722.95
593.71	45866.31
593.90	45839.68
594.10	46603.58
594.30	46413.12
594.50	46685.50
594.70	46189.89
594.90	46478.65
595.10	46091.58
595.29	46765.37
595.49	46374.20
595.69	46841.14
595.89	46660.92
596.09	47107.38
596.29	46728.50
596.49	47107.38
596.68	47060.27
596.88	47215.92
597.08	46851.38
597.28	46873.91
597.48	47297.84
597.68	47267.12
597.87	47107.38
598.07	48004.39
598.27	47506.73
598.47	47537.45
598.67	47521.07
598.87	48151.84
599.06	47928.61
599.26	47918.37
599.46	47639.85
599.66	48008.48
599.86	48065.83
600.06	47942.95
600.25	48190.75
600.45	48403.74
600.65	47975.72
600.85	48661.79
601.05	47789.35
601.25	48657.69
601.44	48571.67
601.64	48600.35
601.84	48702.74
602.04	48866.58
602.24	48643.35
602.43	48770.33
602.63	48373.02
602.83	49055.00
603.03	48614.68
603.23	49325.33
603.42	48954.64
603.62	49392.91
603.82	48981.27
604.02	49530.12
604.22	49095.95
604.42	49489.16
604.61	49497.36
604.81	49706.25
605.01	49440.01
605.21	50220.29
605.40	49089.81
605.60	49771.78
605.80	49696.01
606.00	50054.40
606.20	49734.92
606.39	50021.64
606.59	49890.57
606.79	50089.22
606.99	50279.68
607.19	49997.06
607.38	50656.51
607.58	50273.54
607.78	50017.54
607.98	50130.18
608.18	50144.51
608.37	50799.86
608.57	50154.75
608.77	50638.08
608.97	50496.77
609.16	50650.36
609.36	50494.72
609.56	50314.50
609.76	51006.71
609.95	50791.67
610.15	50916.60
610.35	50926.84
610.55	50959.61
610.75	50842.87
610.94	51080.44
611.14	50789.62
611.34	51033.33
611.54	51350.77
611.73	51412.21
611.93	51442.93
612.13	51510.51
612.33	51084.53
612.52	51225.84
612.72	51703.02
612.92	50672.89
613.12	51563.76
613.31	51490.03
613.51	51547.37
613.71	51244.27
613.91	51682.54
614.10	51459.31
614.30	51662.06
614.50	51858.66
614.70	51537.13
614.89	51391.73
615.09	52186.34
615.29	52055.27
615.49	52258.02
615.68	51516.65
615.88	52190.44
616.08	52131.04
616.27	52202.72
616.47	51846.38
616.67	52108.52
616.87	51598.57
617.06	52481.25
617.26	52188.39
617.46	52249.83
617.66	52145.38
617.85	52503.77
618.05	52206.82
618.25	52585.69
618.44	51887.34
618.64	52366.56
618.84	52120.80
619.04	52182.24
619.23	52270.31
619.43	52208.87
619.63	52765.91
619.82	52870.36
620.02	52630.75
620.22	53044.44
620.42	52673.76
620.61	53011.67
620.81	52634.84
621.01	52473.06
621.20	52907.22
621.40	53021.91
621.60	52858.07
621.79	53339.35
621.99	53550.29
622.19	53077.21
622.39	53028.05
622.58	53216.47
622.78	53382.35
622.98	53261.52
623.17	53294.29
623.37	53298.39
623.57	53591.25
623.76	53189.84
623.96	53529.81
624.16	53308.63
624.35	53312.72
624.55	53841.10
624.75	53480.66
624.94	53230.80
625.14	53621.97
625.34	53429.46
625.53	53497.04
625.73	53587.15
625.93	53750.99
626.12	53841.10
626.32	53484.75
626.52	54375.62
626.71	53820.62
626.91	54080.71
627.11	53415.12
627.30	54572.22
627.50	53826.76
627.70	54127.81
627.89	54074.57
628.09	53832.91
628.29	53931.21
628.48	54869.18
628.68	54439.11
628.88	54176.97
629.07	54498.50
629.27	54062.28
629.47	54267.08
629.66	54561.98
629.86	54009.03
630.06	54568.13
630.25	54568.13
630.45	54426.82
630.65	54648.00
630.84	54791.36
631.04	54746.30
631.24	54928.57
631.43	54551.74
631.63	55270.58
631.82	54785.21
632.02	55110.84
632.22	54856.89
632.41	55551.15
632.61	55157.94
632.81	55078.07
633.00	54936.76
633.20	56315.04
633.39	54912.19
633.59	54531.26
633.79	54981.82
633.98	55262.39
634.18	55026.87
634.38	55356.60
634.57	55219.38
634.77	54871.23
634.96	55332.02
635.16	55811.24
635.36	55489.71
635.55	55465.14
635.75	55710.89
635.95	55035.06
636.14	56212.65
636.34	55692.46
636.53	55272.63
636.73	55952.55
636.93	55944.36
637.12	56044.71
637.32	55442.61
637.51	56339.62
637.71	55903.40
637.91	56173.73
638.10	55778.48
638.30	55839.92
638.49	55645.36
638.69	56390.82
638.89	56140.97
639.08	56536.23
639.28	56079.53
639.47	56347.81
639.67	56476.83
639.86	56622.24
640.06	56245.41
640.26	56661.15
640.45	56407.20
640.65	56214.69
640.84	56392.87
641.04	56550.56
641.24	56583.33
641.43	57238.68
641.63	56605.86
641.82	57152.66
642.02	56673.44
642.21	56997.02
642.41	56935.58
642.61	56855.71
642.80	56937.63
643.00	57435.28
643.19	57033.88
643.39	57189.53
643.58	56704.16
643.78	57787.53
643.97	57091.22
644.17	57556.11
644.37	57042.07
644.56	57687.18
644.76	57554.07
644.95	57527.44
645.15	57842.83
645.34	57406.61
645.54	57674.90
645.73	57545.87
645.93	57748.62
646.13	57486.48
646.32	57455.76
646.52	57693.33
646.71	57384.08
646.91	57808.01
647.10	58016.91
647.30	58412.16
647.49	58076.30
647.69	58035.34
647.88	58086.54
648.08	57945.23
648.28	57715.86
648.47	58453.12
648.67	57984.14
648.86	58920.06
649.06	58170.50
649.25	58264.71
649.45	58281.09
649.64	58229.90
649.84	58279.05
650.03	58576.00
650.23	59010.17
650.42	58518.66
650.62	58950.78
650.81	58313.86
651.01	58485.89
651.20	58918.01
651.40	58543.23
651.59	58662.02
651.79	58307.72
651.98	58723.46
652.18	58799.23
652.37	58952.83
652.57	59423.86
652.76	59075.71
652.96	58653.82
653.15	59313.27
653.35	58733.70
653.54	58422.40
653.74	58948.73
653.93	59145.34
654.13	59188.34
654.32	59100.28
654.52	59131.00
654.71	58602.63
654.91	59800.69
655.10	59176.06
655.30	59075.71
655.49	59343.99
655.69	59018.36
655.88	59387.00
656.08	59606.13
656.27	59475.06
656.47	59456.63
656.66	59536.50
656.86	59765.87
657.05	59692.15
657.25	59362.42
657.44	60097.64
657.64	59606.13
657.83	59978.86
658.03	59567.22
658.22	59737.20
658.42	60103.79
658.61	59675.76
658.80	59303.03
659.00	59995.24
659.19	59571.32
659.39	60197.99
659.58	59591.79
659.78	60249.19
659.97	60097.64
660.17	60028.01
660.36	60015.72
660.56	59970.67
660.75	59411.57
660.95	60208.23
661.14	59966.57
661.33	59935.85
661.53	59714.67
661.72	60238.95
661.92	60701.79
662.11	60189.80
662.31	60087.40
662.50	60736.61
662.70	60318.82
662.89	61160.54
663.08	60654.69
663.28	60261.48
663.47	60642.40
663.67	60517.48
663.86	60378.21
664.06	61047.90
664.25	60681.31
664.44	61287.51
664.64	60458.09
664.83	60992.61
665.03	60777.57
665.22	60433.51
665.42	60724.32
665.61	61256.79
665.80	60202.09
666.00	61320.28
666.19	60492.90
666.39	61699.15
666.58	59933.81
666.77	61516.89
666.97	60935.26
667.16	60748.90
667.36	60804.19
667.55	60722.27
667.75	61000.80
667.94	61099.10
668.13	60855.39
668.33	61631.57
668.52	61185.11
668.72	60812.38
668.91	60773.47
669.10	61320.28
669.30	61039.71
669.49	61017.18
669.69	61076.57
669.88	61402.20
670.07	60796.00
670.27	61254.75
670.46	60820.58
670.66	61336.66
670.85	61191.26
671.04	61049.95
671.24	60996.70
671.43	61344.86
671.62	61625.43
671.82	61121.63
672.01	61668.44
672.21	61174.87
672.40	60959.84
672.59	61652.05
672.79	61226.07
672.98	61086.81
673.17	61099.10
673.37	61688.91
673.56	60890.21
673.76	61394.01
673.95	61264.99
674.14	61408.34
674.34	60914.78
674.53	61457.49
674.72	60740.71
674.92	61332.57
675.11	61162.59
675.30	61195.35
675.50	61015.13
675.69	61084.76
675.89	61054.04
676.08	61482.07
676.27	61500.50
676.47	61541.46
676.66	61445.21
676.85	61361.24
677.05	61287.51
677.24	61416.53
677.43	61049.95
677.63	61271.13
677.82	61316.18
678.01	61437.01
678.21	61271.13
678.40	61166.68
678.59	61561.94
678.79	61508.69
678.98	60865.63
679.17	61488.21
679.37	61054.04
679.56	61383.77
679.75	61074.52
679.95	61869.14
680.14	61506.65
680.33	61195.35
680.53	60943.45
680.72	61770.83
680.91	60800.10
681.11	61660.24
681.30	60605.54
681.49	61432.92
681.69	61150.30
681.88	60904.54
682.07	61518.93
682.26	61467.73
682.46	61375.58
682.65	60918.88
682.84	61340.76
683.04	61629.52
683.23	60558.44
683.42	61475.93
683.62	60947.55
683.81	61557.84
684.00	60968.03
684.20	61400.15
684.39	60515.43
684.58	61187.16
684.77	61275.22
684.97	61414.49
685.16	60802.14
685.35	61342.81
685.55	60824.67
685.74	61486.17
685.93	60597.35
686.12	61533.27
686.32	60873.82
686.51	60943.45
686.70	60879.97
686.90	61310.04
687.09	61129.82
687.28	61291.61
687.47	60992.61
687.67	61078.62
687.86	60982.37
688.05	61033.56
688.25	60361.83
688.44	61303.90
688.63	60877.92
688.82	60470.37
689.02	61154.39
689.21	60982.37
689.40	61076.57
689.59	60640.35
689.79	61025.37
689.98	61123.68
690.17	60599.40
690.36	61404.25
690.56	61006.94
690.75	61101.15
690.94	60951.65
691.13	61127.77
691.33	60965.98
691.52	60943.45
691.71	59853.93
691.90	61123.68
692.10	60503.14
692.29	60523.62
692.48	60392.55
692.67	60767.33
692.87	60564.58
693.06	60691.55
693.25	60124.27
693.44	60761.18
693.64	60576.87
693.83	60699.75
694.02	60515.43
694.21	60554.34
694.40	60345.45
694.60	60705.89
694.79	60521.57
694.98	61107.29
695.17	60249.19
695.37	60478.57
695.56	60656.74
695.75	60394.60
695.94	60609.64
696.13	60583.01
696.33	60421.22
696.52	60255.34
696.71	60212.33
696.90	60675.17
697.10	60470.37
697.29	60519.52
697.48	59845.74
697.67	60251.24
697.86	60558.44
698.06	60091.50
698.25	60193.90
698.44	60425.32
698.63	60519.52
698.82	60253.29
699.02	60271.72
699.21	60542.05
699.40	60195.95
699.59	60159.08
699.78	60048.49
699.98	60388.45
700.17	60406.89
700.36	60718.18
700.55	60402.79
700.74	60507.24
700.93	60079.21
701.13	60607.59
701.32	60071.02
701.51	60386.41
701.70	60333.16
701.89	60478.57
702.09	60337.26
702.28	60406.89
702.47	59772.02
702.66	60558.44
702.85	60150.89
703.04	59974.76
703.24	60040.30
703.43	59839.60
703.62	60183.66
703.81	60351.59
704.00	60464.23
704.19	60116.07
704.39	60011.63
704.58	60812.38
704.77	60064.88
704.96	59704.43
705.15	59886.70
705.34	60656.74
705.54	59909.23
705.73	60134.51
705.92	59337.85
706.11	60197.99
706.30	59708.53
706.49	59884.65
706.68	59720.82
706.88	60189.80
707.07	59479.16
707.26	60083.31
707.45	59829.36
707.64	60009.58
707.83	60202.09
708.02	59870.32
708.22	60202.09
708.41	60533.86
708.60	59636.85
708.79	59894.89
708.98	59745.39
709.17	60120.17
709.36	59894.89
709.55	59927.66
709.75	60159.08
709.94	60001.39
710.13	59825.26
710.32	60232.81
710.51	59831.41
710.70	59186.30
710.89	60193.90
711.08	60294.25
711.27	59567.22
711.47	60183.66
711.66	59729.01
711.85	59937.90
712.04	59798.64
712.23	59894.89
712.42	59681.91
712.61	59890.80
712.80	59866.22
712.99	59769.97
713.19	59800.69
713.38	59683.95
713.57	59649.14
713.76	59946.09
713.95	59593.84
714.14	59581.55
714.33	59853.93
714.52	59708.53
714.71	59186.30
714.90	59196.54
715.09	59442.29
715.28	59337.85
715.48	59657.33
715.67	59882.61
715.86	59540.60
716.05	60241.00
716.24	58891.39
716.43	59077.75
716.62	59726.96
716.81	59675.76
717.00	58784.90
717.19	59630.71
717.38	59348.09
717.57	58928.25
717.76	59270.26
717.96	59436.15
718.15	60052.59
718.34	59921.52
718.53	60034.16
718.72	59528.31
718.91	60064.88
719.10	59124.86
719.29	59540.60
719.48	60003.44
719.67	59067.51
719.86	59847.79
720.05	59393.14
720.24	59593.84
720.43	59776.11
720.62	59501.68
720.81	59325.56
721.00	59640.95
721.19	59769.97
721.38	59632.75
721.57	59440.24
721.77	59638.90
721.96	59020.41
722.15	59323.51
722.34	59712.62
722.53	59640.95
722.72	59268.22
722.91	59159.67
723.10	59307.13
723.29	59223.16
723.48	58827.90
723.67	59698.29
723.86	59769.97
724.05	59214.97
724.24	59376.76
724.43	59034.75
724.62	59034.75
724.81	59628.66
725.00	59114.62
725.19	59733.10
725.38	59186.30
725.57	59450.48
725.76	58987.64
725.95	59284.60
726.14	58907.77
726.33	59792.50
726.52	59227.26
726.71	59640.95
726.90	59171.96
727.09	58926.20
727.28	59272.31
727.47	58967.16
727.66	58823.81
727.85	59683.95
728.04	58889.34
728.23	59096.19
728.42	59307.13
728.61	59309.18
728.80	59122.81
728.99	59073.66
729.18	58872.96
729.37	59321.46
729.56	59051.13
729.75	58965.12
729.94	59247.74
730.13	58754.18
730.32	58883.20
730.51	58829.95
730.70	58897.53
730.89	59362.42
731.08	58700.93
731.27	58635.39
731.46	58651.78
731.65	58926.20
731.84	59159.67
732.03	58756.22
732.21	59024.51
732.40	58469.51
732.59	58934.40
732.78	58811.52
732.97	59221.11
733.16	58715.26
733.35	58639.49
733.54	59157.63
733.73	58858.62
733.92	58440.84
734.11	58412.16
734.30	58379.40
734.49	58700.93
734.68	58799.23
734.87	58840.19
735.06	58438.79
735.25	58451.08
735.44	58461.32
735.63	58268.81
735.81	58473.60
736.00	58287.24
736.19	58557.57
736.38	58025.10
736.57	58911.87
736.76	58559.62
736.95	58143.88
737.14	58381.45
737.33	58784.90
737.52	58236.04
737.71	58561.67
737.90	58260.62
738.09	58328.20
738.28	58000.52
738.46	57834.64
738.65	58233.99
738.84	58223.75
739.03	57926.80
739.22	58414.21
739.41	58242.18
739.60	57965.71
739.79	57722.00
739.98	57738.38
740.17	57756.81
740.36	58098.83
740.54	58311.81
740.73	57683.09
740.92	57676.94
741.11	57554.07
741.30	57398.42
741.49	57775.25
741.68	57994.38
741.87	57189.53
742.06	57656.46
742.24	57513.11
742.43	57506.96
742.62	57500.82
742.81	57771.15
743.00	57666.70
743.19	57404.56
743.38	57427.09
743.57	57246.87
743.76	57392.28
743.94	57513.11
744.13	56976.54
744.32	57197.72
744.51	57238.68
744.70	56984.73
744.89	57545.87
745.08	57255.06
745.26	57195.67
745.45	56935.58
745.64	56921.24
745.83	57236.63
746.02	56853.66
746.21	56876.19
746.40	57037.98
746.58	57058.46
746.77	57273.49
746.96	57433.24
747.15	56282.28
747.34	56921.24
747.53	56863.90
747.72	56525.99
747.90	56878.24
748.09	56614.05
748.28	56677.54
748.47	57003.16
748.66	56321.19
748.85	56730.78
749.03	56429.73
749.22	56853.66
749.41	56941.72
749.60	56243.37
749.79	56560.80
749.98	56163.50
750.16	56528.03
750.35	56063.14
750.54	56450.21
750.73	56765.60
750.92	56081.58
751.11	55667.89
751.29	56120.49
751.48	56667.30
751.67	55905.45
751.86	56026.28
752.05	55794.86
752.24	56073.38
752.42	56274.09
752.61	56288.42
752.80	56036.52
752.99	55766.19
753.18	55743.66
753.36	55948.46
753.55	56108.20
753.74	55309.49
753.93	56028.33
754.12	55424.18
754.30	55579.82
754.49	56253.61
754.68	55352.50
754.87	55696.56
755.06	55108.79
755.24	55962.79
755.43	55307.44
755.62	55823.53
755.81	55461.04
755.99	55262.39
756.18	55143.61
756.37	55289.01
756.56	55375.03
756.75	54611.13
756.93	54797.50
757.12	55223.48
757.31	54871.23
757.50	54867.13
757.68	54789.31
757.87	55035.06
758.06	54885.56
758.25	54607.04
758.44	54469.82
758.62	54738.11
758.81	54482.11
759.00	54543.55
759.19	54924.47
759.37	54330.56
759.56	54478.02
759.75	54160.58
759.94	54420.67
760.12	54934.71
760.31	53814.47
760.50	54023.37
760.69	54703.29
760.87	53847.24
761.06	54318.28
761.25	54176.97
761.44	54052.04
761.62	54127.81
761.81	54308.04
762.00	53986.50
762.19	54017.22
762.37	53505.23
762.56	53742.80
762.75	53560.53
762.94	53808.33
763.12	53669.07
763.31	53828.81
763.50	53869.77
763.68	53908.68
763.87	53298.39
764.06	53355.73
764.25	53361.87
764.43	53210.32
764.62	52700.38
764.81	52991.19
764.99	52974.81
765.18	53609.68
765.37	53136.60
765.56	52813.02
765.74	52946.14
765.93	52647.13
766.12	52344.03
766.30	52931.80
766.49	53058.77
766.68	52755.68
766.87	52450.53
767.05	53005.53
767.24	53124.31
767.43	52399.33
767.61	52458.72
767.80	52194.53
767.99	52772.06
768.17	52573.41
768.36	52780.25
768.55	52280.55
768.73	52532.45
768.92	52251.87
769.11	52096.23
769.30	52602.08
769.48	52597.98
769.67	51864.81
769.86	52227.30
770.04	51862.76
770.23	51983.59
770.42	51899.62
770.60	52094.18
770.79	51733.74
770.98	51485.93
771.16	51660.01
771.35	51758.31
771.54	51864.81
771.72	51629.29
771.91	52088.04
772.10	51629.29
772.28	51442.93
772.47	51313.90
772.66	51354.86
772.84	51893.48
773.03	51188.98
773.22	51039.48
773.40	51188.98
773.59	50973.94
773.77	51129.59
773.96	51252.47
774.15	51105.01
774.33	51002.61
774.52	51297.52
774.71	50748.67
774.89	50990.33
775.08	50808.06
775.27	50697.47
775.45	50629.88
775.64	50799.86
775.83	50488.57
776.01	50476.29
776.20	50363.65
776.38	50855.16
776.57	50531.58
776.76	50246.91
776.94	50248.96
777.13	50226.43
777.32	49964.29
777.50	50150.66
777.69	50363.65
777.87	50142.47
778.06	50339.07
778.25	50076.93
778.43	49874.18
778.62	49917.19
778.80	49769.74
778.99	49470.73
779.18	49753.35
779.36	49540.36
779.55	48942.36
779.73	49753.35
779.92	49984.77
780.11	49884.42
780.29	49085.72
780.48	49708.30
780.66	49571.08
780.85	49286.42
781.04	49564.94
781.22	49472.78
781.41	49364.24
781.59	48981.27
781.78	49345.81
781.97	49403.15
782.15	48876.82
782.34	49081.62
782.52	49231.12
782.71	48893.21
782.89	48532.76
783.08	48776.47
783.27	48753.94
783.45	48547.10
783.64	48721.18
783.82	48370.97
784.01	48524.57
784.19	48723.22
784.38	48336.16
784.57	48426.27
784.75	48530.72
784.94	48463.13
785.12	48153.89
785.31	48252.19
785.49	48067.87
785.68	47916.32
785.86	48002.34
786.05	48352.54
786.24	48082.21
786.42	47390.00
786.61	47840.55
786.79	47727.91
786.98	47607.08
787.16	47781.16
787.35	47852.84
787.53	47506.73
787.72	47478.06
787.90	47418.67
788.09	47744.30
788.28	47437.10
788.46	46908.72
788.65	47615.27
788.83	46955.83
789.02	47385.90
789.20	46683.45
789.39	47281.45
789.57	47418.67
789.76	46761.27
789.94	46849.33
790.13	46980.40
790.31	47195.44
790.50	46923.06
790.68	47209.78
790.87	47209.78
791.05	46572.86
791.24	46304.57
791.42	46554.43
791.61	46617.91
791.79	46695.74
791.98	46224.70
792.16	47052.08
792.35	46665.02
792.53	46198.08
792.72	46759.22
792.90	46726.46
793.09	46394.68
793.27	46587.19
793.46	45802.82
793.64	46736.69
793.83	46413.12
794.01	46908.72
794.20	46329.15
794.38	46400.83
794.57	46841.14
794.75	46507.32
794.94	46540.09
795.12	46411.07
795.31	46591.29
795.49	46986.55
795.68	46263.61
795.86	46636.34
796.05	46828.85
796.23	46581.05
796.42	46284.09
796.60	46746.93
796.78	46855.48
796.97	46751.03
797.15	47093.04
797.34	46304.57
797.52	46904.63
797.71	47279.41
797.89	46480.70
798.08	46548.28
798.26	46110.02
798.45	46591.29
798.63	46185.79
798.81	46703.93
799.00	46619.96
799.18	46695.74
799.37	46544.19
799.55	46626.10
799.74	46374.20
799.92	46474.55
800.11	46521.66
800.29	46619.96
800.47	46622.01
800.66	46079.30
800.84	46507.32
801.03	46206.27
801.21	46409.02
801.40	46376.25
801.58	46490.94
801.76	46177.60
801.95	46974.26
802.13	46269.76
802.32	46738.74
802.50	45993.28
802.69	46656.82
802.87	46181.70
803.05	46284.09
803.24	46497.08
803.42	46452.03
803.61	45978.95
803.79	46140.74
803.97	46222.65
804.16	46597.43
804.34	45968.71
804.53	46591.29
804.71	45970.75
804.89	46482.75
805.08	46224.70
805.26	46310.72
805.45	45888.84
805.63	46335.29
805.81	46271.81
806.00	45632.84
806.18	46028.10
806.37	46241.09
806.55	45856.07
806.73	46550.33
806.92	45882.69
807.10	46077.25
807.28	45698.37
807.47	45671.75
807.65	46142.78
807.84	45514.06
808.02	45700.42
808.20	46071.10
808.39	45425.99
808.57	45829.44
808.75	45477.19
808.94	45157.71
809.12	45092.18
809.31	45247.82
809.49	45083.98
809.67	45583.69
809.86	45147.47
810.04	44903.76
810.22	45243.73
810.41	44983.63
810.59	45360.46
810.77	44983.63
810.96	44797.27
811.14	45448.52
811.32	44397.91
811.51	45311.31
811.69	44350.81
811.87	44541.27
812.06	44293.47
812.24	44754.26
812.42	44596.57
812.61	44485.98
812.79	44371.29
812.97	44637.53
813.16	44399.96
813.34	44621.14
813.52	44485.98
813.71	44467.55
813.89	43523.43
814.07	44223.84
814.26	43973.98
814.44	43873.63
814.62	44242.27
814.81	44016.99
814.99	44049.76
815.17	43957.60
815.36	43930.98
815.54	44008.80
815.72	44002.66
815.91	43693.41
816.09	43535.72
816.27	43527.53
816.45	43427.18
816.64	43453.80
816.82	42763.64
817.00	43674.98
817.19	42716.53
817.37	42810.74
817.55	43019.63
817.74	42804.59
817.92	42769.78
818.10	42804.59
818.28	42665.33
818.47	42550.65
818.65	42716.53
818.83	42487.16
819.02	42714.48
819.20	42136.96
819.38	42560.89
819.56	42601.85
819.75	42560.89
819.93	42718.58
820.11	42216.83
820.29	42132.86
820.48	42196.35
820.66	42261.88
820.84	41784.71
821.03	42059.13
821.21	42052.99
821.39	42118.53
821.57	42079.61
821.76	42153.34
821.94	41966.98
822.12	41606.53
822.30	41864.58
822.49	42356.09
822.67	41948.54
822.85	42016.13
823.03	41469.32
823.22	41770.37
823.40	41622.92
823.58	41950.59
823.76	41790.85
823.95	41985.41
824.13	40977.81
824.31	41586.05
824.49	41323.91
824.68	40770.96
824.86	41510.28
825.04	41758.08
825.22	40598.93
825.40	41334.15
825.59	40758.67
825.77	40975.76
825.95	40742.29
826.13	40410.52
826.32	40592.79
826.50	40734.10
826.68	40383.90
826.86	40357.27
827.04	40142.24
827.23	40314.26
827.41	39882.14
827.59	40066.46
827.77	39970.21
827.95	39800.22
828.14	39792.03
828.32	39941.53
828.50	39994.78
828.68	39900.58
828.86	39126.44
829.05	39560.61
829.23	39781.79
829.41	39990.69
829.59	39660.96
829.77	39251.37
829.96	39374.25
830.14	39335.34
830.32	39151.02
830.50	38706.61
830.68	38774.19
830.87	38722.99
831.05	39179.69
831.23	38972.85
831.41	39151.02
831.59	38950.32
831.77	38935.98
831.96	38622.64
832.14	38653.36
832.32	38692.27
832.50	38720.95
832.68	38743.47
832.86	38276.54
833.05	38774.19
833.23	38526.39
833.41	38489.52
833.59	38673.84
833.77	38041.02
833.95	38317.50
834.14	38172.09
834.32	37819.84
834.50	38528.44
834.68	38159.80
834.86	37901.76
835.04	37944.76
835.22	38184.38
835.41	37842.37
835.59	37666.24
835.77	37455.30
835.95	37721.54
836.13	37670.34
836.31	37389.77
836.49	37357.00
836.67	37825.98
836.86	38139.32
837.04	37508.55
837.22	37283.27
837.40	37455.30
837.58	37332.42
837.76	37402.05
837.94	37166.54
838.12	37101.00
838.31	37340.61
838.49	37025.23
838.67	37172.68
838.85	37258.70
839.03	37127.63
839.21	36978.12
839.39	36787.66
839.57	37158.34
839.75	36763.09
839.94	37471.68
840.12	36937.16
840.30	36715.98
840.48	36818.38
840.66	36742.61
840.84	36390.36
841.02	36795.85
841.20	36199.90
841.38	36589.01
841.56	36632.02
841.74	35984.86
841.93	36001.24
842.11	36462.04
842.29	36767.18
842.47	36373.97
842.65	36298.20
842.83	36220.38
843.01	35960.28
843.19	35917.28
843.37	35999.19
843.55	36330.97
843.73	35825.12
843.91	35937.76
844.09	35861.98
844.28	35921.37
844.46	36099.55
844.64	35876.32
844.82	35894.75
845.00	35538.40
845.18	35442.15
845.36	35821.02
845.54	35489.25
845.72	35513.83
845.90	35141.10
846.08	35708.38
846.26	35562.98
846.44	35270.12
846.62	35093.99
846.80	34936.30
846.98	35093.99
847.16	34991.59
847.34	35182.06
847.52	35433.96
847.70	35474.91
847.88	35239.40
848.07	35151.34
848.25	35114.47
848.43	35309.03
848.61	35249.64
848.79	35159.53
848.97	34899.44
849.15	34694.64
849.33	34917.87
849.51	34786.80
849.69	35134.95
849.87	34772.46
850.05	34571.76
850.23	34592.24
850.41	34770.41
850.59	34989.55
850.77	34315.76
850.95	34571.76
851.13	34164.21
851.31	34274.80
851.49	34676.21
851.67	34479.60
851.85	34272.76
852.03	34426.35
852.21	34440.69
852.39	34108.92
852.57	34182.65
852.75	34115.06
852.93	33721.85
853.11	34080.25
853.29	34149.88
853.47	33938.94
853.65	34184.69
853.83	33828.35
854.01	33981.95
854.19	33986.04
854.37	33904.12
854.55	33590.78
854.73	33771.00
854.91	33656.32
855.08	33625.60
855.26	33842.68
855.44	33760.76
855.62	33738.24
855.80	33259.01
855.98	33433.09
856.16	33742.33
856.34	33422.85
856.52	33752.57
856.70	33254.92
856.88	32917.00
857.06	32982.54
857.24	33222.15
857.42	33222.15
857.60	33295.88
857.78	33023.50
857.96	33240.58
858.14	33175.05
858.32	32890.38
858.50	33369.60
858.68	32912.91
858.85	32972.30
859.03	32724.49
859.21	33121.80
859.39	32865.80
859.57	32925.19
859.75	33191.43
859.93	32857.61
860.11	32552.46
860.29	32667.15
860.47	32566.80
860.65	32708.11
860.83	32761.36
861.01	32792.08
861.18	32736.78
861.36	32718.35
861.54	32161.30
861.72	32550.42
861.90	32118.29
862.08	32069.14
862.26	32144.92
862.44	32327.19
862.62	32278.04
862.80	31872.54
862.98	31981.08
863.15	31737.37
863.33	32286.23
863.51	31864.35
863.69	31970.84
863.87	31915.54
864.05	31731.23
864.23	31647.26
864.41	31923.74
864.59	31680.03
864.76	31624.73
864.94	31825.43
865.12	31596.06
865.30	31634.97
865.48	31434.27
865.66	31206.95
865.84	31616.54
866.02	31438.37
866.19	30692.91
866.37	31688.22
866.55	31221.28
866.73	31014.44
866.91	30899.75
867.09	31362.59
867.27	31395.36
867.44	31041.06
867.62	30895.66
867.80	31176.23
867.98	30846.51
868.16	30481.97
868.34	30830.12
868.52	30537.26
868.69	30692.91
868.87	30400.05
869.05	30570.03
869.23	30240.31
869.41	30322.23
869.59	29935.16
869.76	30604.84
869.94	29797.95
870.12	30373.42
870.30	30180.92
870.48	30070.33
870.66	30502.45
870.83	30279.22
871.01	30031.41
871.19	30150.20
871.37	30166.58
871.55	29918.78
871.73	29763.13
871.90	29799.99
872.08	29488.70
872.26	29617.72
872.44	29959.73
872.62	29900.34
872.79	29429.31
872.97	29677.12
873.15	29599.29
873.33	29441.60
873.51	29773.37
873.68	29634.11
873.86	29003.33
874.04	29802.04
874.22	29322.82
874.40	29398.59
874.57	28995.14
874.75	28978.76
874.93	28794.44
875.11	29097.54
875.29	29165.12
875.46	29140.55
875.64	28952.13
875.82	29087.30
876.00	29105.73
876.17	29337.15
876.35	29341.25
876.53	29048.39
876.71	29224.51
876.89	29212.23
877.06	29154.88
877.24	29148.74
877.42	29556.28
877.60	29165.12
877.77	29396.54
877.95	28943.94
878.13	29470.27
878.31	29210.18
878.48	29376.06
878.66	29451.84
878.84	28929.61
879.02	28866.12
879.19	28964.42
879.37	29179.46
879.55	29306.43
879.73	29019.72
879.90	29267.52
880.08	29142.60
880.26	29091.40
880.44	28870.22
880.61	28870.22
880.79	29281.86
880.97	29093.44
881.15	29158.98
881.32	29134.40
881.50	29343.30
881.68	29161.03
881.85	29048.39
882.03	29216.32
882.21	28917.32
882.39	29107.78
882.56	28847.69
882.74	29052.48
882.92	29431.36
883.09	28810.82
883.27	29242.95
883.45	29365.82
883.63	29070.92
883.80	28714.57
883.98	28878.41
884.16	29009.48
884.33	29253.19
884.51	29038.15
884.69	28843.59
884.87	29255.23
885.04	29091.40
885.22	28884.55
885.40	29070.92
885.57	28808.78
885.75	28755.53
885.93	28819.02
886.10	28581.45
886.28	28859.98
886.46	28761.67
886.63	28925.51
886.81	28909.13
886.99	28603.98
887.16	28864.07
887.34	28933.70
887.52	28880.46
887.69	28923.46
887.87	28638.80
888.05	28909.13
888.22	28835.40
888.40	28913.22
888.58	28687.95
888.75	28440.14
888.93	28816.97
889.11	28538.44
889.28	28268.11
889.46	28601.93
889.64	28702.28
889.81	28614.22
889.99	28440.14
890.17	28505.68
890.34	28444.24
890.52	28663.37
890.70	28442.19
890.87	28464.72
891.05	28419.66
891.22	28438.09
891.40	28567.12
891.58	28161.62
891.75	28382.80
891.93	28481.10
892.11	28313.17
892.28	28067.41
892.46	28544.59
892.63	28405.33
892.81	28065.36
892.99	28347.98
893.16	28333.65
893.34	28206.67
893.52	28134.99
893.69	28016.21
893.87	28321.36
894.04	28032.60
894.22	27907.67
894.40	28329.55
894.57	27872.85
894.75	27749.98
894.92	27799.13
895.10	27668.06
895.28	27582.04
895.45	27850.33
895.63	27848.28
895.80	27483.74
895.98	27862.61
896.16	27606.62
896.33	27514.46
896.51	27172.45
896.68	27285.09
896.86	27698.78
897.04	27485.79
897.21	27182.69
897.39	27248.22
897.56	27612.76
897.74	27317.86
897.91	27469.40
898.09	27000.42
898.27	27137.63
898.44	26938.98
898.62	27414.11
898.79	27453.02
898.97	26949.22
899.14	27018.85
899.32	26734.18
899.49	27043.43
899.67	26648.17
899.85	26453.61
900.02	26871.40
900.20	26553.96
900.37	26678.89
900.55	26490.48
900.72	26302.06
900.90	26539.63
901.07	26588.78
901.25	26349.17
901.43	26580.59
901.60	26295.92
901.78	25966.20
901.95	26005.11
902.13	26228.34
902.30	26312.30
902.48	26072.69
902.65	26080.88
902.83	26168.94
903.00	26254.96
903.18	25888.37
903.35	25568.89
903.53	25710.20
903.70	25523.83
903.88	25429.63
904.05	25601.66
904.23	25523.83
904.40	25450.11
904.58	25558.65
904.75	25378.43
904.93	24841.86
905.10	25243.26
905.28	25175.68
905.45	25257.60
905.63	25161.34
905.80	25208.45
905.98	25155.20
906.15	25050.75
906.33	24770.18
906.50	24749.70
906.68	24833.67
906.85	24952.45
907.03	24860.29
907.20	24766.09
907.38	24792.71
907.55	24774.28
907.73	24526.47
907.90	24444.56
908.08	24446.60
908.25	24526.47
908.43	24080.02
908.60	24123.02
908.78	24176.27
908.95	24430.22
909.13	24250.00
909.30	23973.52
909.47	24010.39
909.65	23942.80
909.82	23758.49
910.00	23918.23
910.17	23844.50
910.35	23627.42
910.52	23858.84
910.70	24153.74
910.87	23781.01
911.05	23910.04
911.22	23436.95
911.39	23531.16
911.57	23408.28
911.74	23312.03
911.92	23615.13
912.09	23099.04
912.27	23228.06
912.44	23094.94
912.61	22894.24
912.79	23047.84
912.96	22972.07
913.14	22832.80
913.31	22740.64
913.49	22783.65
913.66	22492.84
913.83	22910.63
914.01	22558.38
914.18	22765.22
914.36	22529.70
914.53	22496.94
914.70	22337.20
914.88	22484.65
915.05	22314.67
915.23	22073.01
915.40	22245.04
915.58	21917.36
915.75	22134.45
915.92	22339.24
916.10	22193.84
916.27	21874.35
916.44	22070.96
916.62	21593.78
916.79	21755.57
916.97	21507.77
917.14	21747.38
917.31	21720.76
917.49	21561.02
917.66	21577.40
917.84	21587.64
918.01	21417.66
918.18	21425.85
918.36	21585.59
918.53	21411.51
918.70	21327.55
918.88	21464.76
919.05	21122.75
919.23	20934.34
919.40	21380.79
919.57	21382.84
919.75	21155.52
919.92	20534.98
920.09	21061.31
920.27	20569.80
920.44	20553.41
920.61	20926.14
920.79	20621.00
920.96	20358.86
921.13	20565.70
921.31	20670.15
921.48	20530.89
921.65	20293.32
921.83	20147.92
922.00	20518.60
922.17	20188.88
922.35	19986.13
922.52	20334.28
922.69	20162.25
922.87	19879.63
923.04	19986.13
923.21	20057.81
923.39	19959.50
923.56	19871.44
923.73	20084.43
923.91	19879.63
924.08	19793.62
924.25	19916.50
924.43	19594.96
924.60	19551.96
924.77	19500.76
924.95	19609.30
925.12	19558.10
925.29	19519.19
925.47	19584.73
925.64	19267.29
925.81	19203.80
925.98	19486.42
926.16	19232.47
926.33	19420.89
926.50	19064.54
926.68	19207.90
926.85	18939.62
927.02	18743.01
927.19	19007.20
927.37	18878.18
927.54	18335.46
927.71	18847.46
927.89	18683.62
928.06	19060.45
928.23	18613.99
928.40	18775.78
928.58	18853.60
928.75	18431.72
928.92	18362.09
929.09	18456.29
929.27	18364.14
929.44	18380.52
929.61	17968.88
929.79	18466.53
929.96	18396.90
930.13	18056.94
930.30	18308.84
930.48	18050.80
930.65	18099.95
930.82	17929.97
930.99	18013.93
931.17	17950.45
931.34	17573.62
931.51	18126.57
931.68	17727.22
931.85	17764.08
932.03	17532.66
932.20	17932.01
932.37	17817.33
932.54	17762.03
932.72	17696.50
932.89	17639.15
933.06	17534.71
933.23	17446.65
933.41	17288.95
933.58	17411.83
933.75	17135.35
933.92	17426.17
934.09	17282.81
934.27	17407.73
934.44	17389.30
934.61	17266.42
934.78	17026.81
934.95	17047.29
935.13	16981.76
935.30	17047.29
935.47	17078.01
935.64	17116.92
935.81	16629.51
935.99	16910.08
936.16	16844.54
936.33	16719.62
936.50	16543.49
936.67	16619.27
936.85	16500.48
937.02	16733.95
937.19	16445.19
937.36	16594.69
937.53	16606.98
937.71	16725.76
937.88	16387.85
938.05	16426.76
938.22	16404.23
938.39	16410.37
938.56	16508.68
938.74	16627.46
938.91	16164.62
939.08	16092.94
939.25	15752.98
939.42	16140.04
939.59	16070.41
939.77	16310.02
939.94	15804.17
940.11	15750.93
940.28	15892.24
940.45	15699.73
940.62	15814.41
940.79	15869.71
940.97	15703.82
941.14	15695.63
941.31	15746.83
941.48	15660.82
941.65	15722.26
941.82	15736.59
941.99	15562.51
942.17	15392.53
942.34	15445.78
942.51	15466.26
942.68	15402.77
942.85	15554.32
943.02	15429.40
943.19	15410.96
943.36	15380.25
943.54	15423.25
943.71	15519.51
943.88	15484.69
944.05	15210.26
944.22	15327.00
944.39	15114.01
944.56	15187.74
944.73	15206.17
944.90	15281.94
945.08	14999.32
945.25	14894.88
945.42	14890.78
945.59	14759.71
945.76	14858.01
945.93	14677.79
946.10	14880.54
946.27	14581.54
946.44	14698.27
946.61	14806.81
946.78	14692.13
946.96	14583.59
947.13	14542.63
947.30	14827.29
947.47	14540.58
947.64	14511.91
947.81	14489.38
947.98	14309.16
948.15	14458.66
948.32	14329.64
948.49	14378.79
948.66	14356.26
948.83	14483.24
949.00	14198.57
949.17	14223.14
949.35	14257.96
949.52	14075.69
949.69	14147.37
949.86	13854.51
950.03	14020.39
950.20	13930.28
950.37	14153.51
950.54	14053.16
950.71	14053.16
950.88	14065.45
951.05	13791.02
951.22	13776.69
951.39	13819.69
951.56	13696.82
951.73	13725.49
951.90	13825.84
952.07	13850.41
952.24	13557.55
952.41	13659.95
952.58	13625.14
952.75	13885.23
952.92	13453.11
953.09	13498.16
953.26	13457.20
953.43	13692.72
953.60	13354.80
953.77	13266.74
953.94	13389.62
954.11	13426.48
954.28	13227.83
954.45	13244.21
954.62	13158.20
954.79	13199.16
954.96	13188.92
955.13	13414.20
955.30	13027.13
955.47	13088.57
955.64	13061.94
955.81	12990.27
955.98	13209.40
956.15	12977.98
956.32	12769.09
956.49	13039.42
956.66	12969.79
956.83	12996.41
957.00	12740.41
957.17	12797.76
957.34	12771.13
957.51	12721.98
957.68	12695.36
957.85	12703.55
958.02	12787.52
958.19	12674.88
958.36	12517.18
958.53	12592.96
958.70	12517.18
958.87	12740.41
959.04	12676.93
959.21	12472.13
959.38	12556.10
959.55	12343.11
959.72	12482.37
959.89	12468.03
960.06	12394.31
960.23	12379.97
960.39	12181.32
960.56	12412.74
960.73	12074.82
960.90	12336.96
961.07	12232.52
961.24	12115.78
961.41	12011.34
961.58	12113.74
961.75	12134.21
961.92	12132.17
962.09	12056.39
962.26	11870.03
962.43	11775.82
962.60	11919.18
962.76	11712.33
962.93	11962.19
963.10	11872.07
963.27	11829.07
963.44	11614.03
963.61	11898.70
963.78	11870.03
963.95	11487.06
964.12	11609.93
964.29	11456.34
964.46	11818.83
964.62	11732.81
964.79	11720.53
964.96	11562.83
965.13	11458.39
965.30	11706.19
965.47	11599.70
965.64	11405.14
965.81	11433.81
965.98	11728.72
966.14	11452.24
966.31	11347.79
966.48	11208.53
966.65	11315.03
966.82	11337.56
966.99	11466.58
967.16	11433.81
967.33	11286.36
967.49	11292.50
967.66	11263.83
967.83	11112.28
968.00	11024.22
968.17	11206.48
968.34	11114.33
968.51	11067.22
968.67	11044.70
968.84	10991.45
969.01	10755.93
969.18	11005.78
969.35	10755.93
969.52	10854.23
969.68	10911.58
969.85	10581.85
970.02	10755.93
970.19	10725.21
970.36	10917.72
970.53	10600.29
970.69	10790.75
970.86	10815.32
971.03	10854.23
971.20	10540.90
971.37	10762.08
971.54	10594.14
971.70	10864.47
971.87	10571.61
972.04	10671.97
972.21	10631.01
972.38	10542.94
972.55	10211.17
972.71	10307.43
972.88	10172.26
973.05	10526.56
973.22	10481.50
973.39	10299.23
973.55	10254.18
973.72	10391.39
973.89	10159.97
974.06	10319.71
974.23	10309.47
974.39	10487.65
974.56	10301.28
974.73	10205.03
974.90	10067.81
975.06	10082.15
975.23	10047.33
975.40	10012.52
975.57	10026.86
975.74	10180.45
975.90	10057.57
976.07	9955.18
976.24	9854.83
976.41	10133.35
976.57	9828.20
976.74	9885.55
976.91	9709.42
977.08	9838.44
977.24	9697.13
977.41	9856.87
977.58	9871.21
977.75	9756.52
977.92	9578.35
978.08	9799.53
978.25	9504.62
978.42	9701.23
978.58	9555.82
978.75	9629.55
978.92	9690.99
979.09	9875.31
979.25	9471.86
979.42	9602.93
979.59	9383.79
979.76	9666.41
979.92	9443.18
980.09	9453.42
980.26	9408.37
980.43	9584.49
980.59	9215.86
980.76	9375.60
980.93	9240.44
981.09	9494.38
981.26	9176.95
981.43	9199.48
981.60	9056.12
981.76	9250.67
981.93	9228.15
982.10	9258.87
982.26	9052.02
982.43	9281.39
982.60	9121.65
982.77	9117.56
982.93	8994.68
983.10	9060.21
983.27	9146.23
983.43	8898.42
983.60	8857.46
983.77	9023.35
983.93	8882.04
984.10	8968.06
984.27	8716.16
984.43	8945.53
984.60	8939.38
984.77	8990.58
984.93	8853.37
985.10	8959.86
985.27	8785.79
985.43	8869.75
985.60	8675.20
985.77	8931.19
985.93	8771.45
986.10	8679.29
986.27	8609.66
986.43	8859.51
986.60	8568.70
986.77	8695.68
986.93	8591.23
987.10	8671.10
987.27	8566.65
987.43	8701.82
987.60	8642.43
987.77	8550.27
987.93	8529.79
988.10	8482.69
988.27	8507.26
988.43	8537.98
988.60	8556.41
988.76	8703.87
988.93	8421.25
989.10	8558.46
989.26	8284.03
989.43	8492.93
989.60	8505.21
989.76	8517.50
989.93	8392.58
990.09	8603.52
990.26	8368.00
990.43	8472.45
990.59	8238.98
990.76	8505.21
990.92	8320.90
991.09	8396.67
991.26	8339.33
991.42	8378.24
991.59	8296.32
991.76	8642.43
991.92	8415.10
992.09	8634.24
992.25	8425.34
992.42	8517.50
992.58	8109.96
992.75	8400.77
992.92	8238.98
993.08	8603.52
993.25	8404.86
993.41	8468.35
993.58	8234.88
993.75	8574.85
993.91	8437.63
994.08	8503.17
994.24	8652.67
994.41	8583.04
994.57	8324.99
994.74	8587.13
994.91	8400.77
995.07	8537.98
995.24	8361.86
995.40	8413.06
995.57	8435.58
995.73	8611.71
995.90	8466.30
996.06	8421.25
996.23	8482.69
996.40	8460.16
996.56	8535.93
996.73	8517.50
996.89	8542.08
997.06	8652.67
997.22	8408.96
997.39	8566.65
997.55	8466.30
997.72	8619.90
997.88	8341.38
998.05	8669.05
998.21	8591.23
998.38	8677.24
998.54	8630.14
998.71	8714.11
998.87	8705.92
999.04	8591.23
999.21	8609.66
999.37	8888.18
999.54	8734.59
999.70	8787.83
999.87	8820.60
1000.03	8779.64
1000.20	8632.19
1000.36	8976.25
1000.53	8824.70
1000.69	8839.03
1000.86	8589.18
1001.02	8873.85
1001.19	8820.60
1001.35	8742.78
1001.52	8820.60
1001.68	8812.41
1001.84	8793.98
1002.01	9066.36
1002.17	8894.33
1002.34	8798.07
1002.50	8966.01
1002.67	8935.29
1002.83	9097.08
1003.00	9021.30
1003.16	9000.82
1003.33	9164.66
1003.49	8912.76
1003.66	9131.89
1003.82	8984.44
1003.99	9035.64
1004.15	8916.86
1004.32	8998.77
1004.48	9193.33
1004.64	9150.32
1004.81	9113.46
1004.97	9097.08
1005.14	9226.10
1005.30	9156.47
1005.47	9043.83
1005.63	9283.44
1005.80	9246.58
1005.96	9471.86
1006.12	9146.23
1006.29	9285.49
1006.45	9029.49
1006.62	9418.61
1006.78	9271.15
1006.95	9414.51
1007.11	9181.04
1007.27	9494.38
1007.44	9394.03
1007.60	9406.32
1007.77	9375.60
1007.93	9357.17
1008.09	9355.12
1008.26	9351.03
1008.42	9457.52
1008.59	9717.61
1008.75	9414.51
1008.92	9545.58
1009.08	9637.74
1009.24	9607.02
1009.41	9434.99
1009.57	9525.10
1009.73	9475.95
1009.90	9621.36
1010.06	9574.25
1010.23	9508.72
1010.39	9682.80
1010.55	9568.11
1010.72	9500.53
1010.88	9656.17
1011.05	9582.45
1011.21	9584.49
1011.37	9559.92
1011.54	9779.05
1011.70	9543.53
1011.86	9627.50
1012.03	9529.20
1012.19	9688.94
1012.36	9549.68
1012.52	9711.47
1012.68	9555.82
1012.85	9930.60
1013.01	9639.79
1013.17	9615.21
1013.34	9713.52
1013.50	9734.00
1013.66	9717.61
1013.83	9707.37
1013.99	9584.49
1014.15	9848.68
1014.32	9828.20
1014.48	9852.78
1014.64	9666.41
1014.81	9729.90
1014.97	9541.49
1015.13	9989.99
1015.30	9975.66
1015.46	9928.55
1015.62	9820.01
1015.79	9826.15
1015.95	9826.15
1016.11	9946.98
1016.28	10043.24
1016.44	9914.22
1016.60	9725.80
1016.77	9992.04
1016.93	9836.39
1017.09	10057.57
1017.26	9926.50
1017.42	9961.32
1017.58	9817.96
1017.74	10129.25
1017.91	9998.18
1018.07	9971.56
1018.23	10030.95
1018.40	10086.25
1018.56	9951.08
1018.72	9979.75
1018.88	9836.39
1019.05	10067.81
1019.21	9785.19
1019.37	9918.31
1019.54	9914.22
1019.70	9916.26
1019.86	10114.92
1020.02	9969.51
1020.19	10026.86
1020.35	9963.37
1020.51	9959.27
1020.68	9926.50
1020.84	10123.11
1021.00	9940.84
1021.16	10170.21
1021.33	9985.90
1021.49	10008.42
1021.65	9848.68
1021.81	10149.73
1021.98	10108.77
1022.14	10012.52
1022.30	9987.94
1022.46	10233.70
1022.63	10098.53
1022.79	9938.79
1022.95	10096.49
1023.11	9879.40
1023.27	9889.64
1023.44	10149.73
1023.60	10004.33
1023.76	9961.32
1023.92	9895.78
1024.09	10067.81
1024.25	9910.12
1024.41	10116.97
1024.57	10049.38
1024.74	10000.23
1024.90	10016.62
1025.06	10039.14
1025.22	9928.55
1025.38	9951.08
1025.55	10000.23
1025.71	9961.32
1025.87	9959.27
1026.03	9758.57
1026.19	9826.15
1026.36	9822.06
1026.52	9893.74
1026.68	9910.12
1026.84	9777.00
1027.00	9785.19
1027.17	9832.30
1027.33	9783.15
1027.49	9910.12
1027.65	9602.93
1027.81	9860.97
1027.97	9740.14
1028.14	9850.73
1028.30	9598.83
1028.46	9688.94
1028.62	9740.14
1028.78	9576.30
1028.94	9568.11
1029.11	9799.53
1029.27	9580.40
1029.43	9561.97
1029.59	9414.51
1029.75	9371.50
1029.91	9482.10
1030.08	9584.49
1030.24	9451.38
1030.40	9492.34
1030.56	9305.97
1030.72	9340.79
1030.88	9344.88
1031.04	9373.55
1031.21	9365.36
1031.37	9273.20
1031.53	9275.25
1031.69	9320.31
1031.85	9422.70
1032.01	9228.15
1032.17	9346.93
1032.34	9150.32
1032.50	9168.76
1032.66	8966.01
1032.82	9158.52
1032.98	9262.96
1033.14	9078.65
1033.30	8855.42
1033.46	8976.25
1033.62	9090.93
1033.79	9111.41
1033.95	9035.64
1034.11	8875.90
1034.27	8822.65
1034.43	8630.14
1034.59	8822.65
1034.75	8683.39
1034.91	8689.53
1035.07	8836.99
1035.23	8824.70
1035.40	8718.20
1035.56	8908.66
1035.72	8742.78
1035.88	8691.58
1036.04	8521.60
1036.20	8675.20
