346.57	1533.93
346.78	1533.93
346.99	1533.93
347.20	1445.87
347.41	1441.77
347.62	1572.84
347.83	1619.94
348.04	1564.65
348.25	1595.37
348.46	1572.84
348.67	1597.42
348.88	1578.98
349.09	1621.99
349.30	1540.07
349.51	1613.80
349.72	1599.46
349.93	1609.70
350.14	1505.26
350.35	1605.61
350.56	1658.85
350.77	1734.63
350.98	1671.14
351.19	1665.00
351.40	1714.15
351.61	1662.95
351.82	1581.03
352.03	1556.46
352.24	1728.49
352.45	1701.86
352.66	1654.76
352.87	1675.24
353.08	1679.33
353.29	1718.25
353.50	1673.19
353.71	1755.11
353.92	1660.90
354.13	1654.76
354.34	1644.52
354.55	1619.94
354.76	1662.95
354.97	1660.90
355.18	1630.18
355.39	1644.52
355.60	1716.20
355.80	1705.96
356.01	1576.94
356.22	1656.81
356.43	1656.81
356.64	1636.33
356.85	1646.57
357.06	1681.38
357.27	1642.47
357.48	1714.15
357.69	1656.81
357.90	1746.92
358.11	1705.96
358.32	1673.19
358.53	1638.38
358.74	1683.43
358.95	1650.66
359.16	1748.97
359.37	1644.52
359.58	1693.67
359.79	1554.41
360.00	1578.98
360.21	1677.29
360.42	1683.43
360.63	1650.66
360.84	1726.44
361.05	1581.03
361.26	1660.90
361.46	1636.33
361.67	1669.09
361.88	1650.66
362.09	1687.53
362.30	1654.76
362.51	1757.16
362.72	1660.90
362.93	1654.76
363.14	1673.19
363.35	1671.14
363.56	1615.85
363.77	1615.85
363.98	1701.86
364.19	1810.40
364.40	1673.19
364.61	1665.00
364.82	1570.79
365.03	1722.34
365.24	1738.73
365.44	1642.47
365.65	1671.14
365.86	1757.16
366.07	1697.77
366.28	1648.61
366.49	1644.52
366.70	1689.57
366.91	1720.29
367.12	1697.77
367.33	1714.15
367.54	1736.68
367.75	1716.20
367.96	1648.61
368.17	1632.23
368.38	1695.72
368.58	1654.76
368.79	1748.97
369.00	1665.00
369.21	1675.24
369.42	1601.51
369.63	1849.32
369.84	1669.09
370.05	1730.53
370.26	1630.18
370.47	1687.53
370.68	1732.58
370.89	1679.33
371.09	1673.19
371.30	1716.20
371.51	1628.14
371.72	1660.90
371.93	1662.95
372.14	1693.67
372.35	1728.49
372.56	1609.70
372.77	1583.08
372.98	1703.91
373.19	1712.10
373.40	1642.47
373.60	1708.01
373.81	1671.14
374.02	1703.91
374.23	1738.73
374.44	1732.58
374.65	1699.81
374.86	1775.59
375.07	1724.39
375.28	1648.61
375.49	1720.29
375.69	1679.33
375.90	1710.05
376.11	1607.66
376.32	1636.33
376.53	1722.34
376.74	1669.09
376.95	1705.96
377.16	1662.95
377.37	1742.82
377.58	1630.18
377.78	1644.52
377.99	1699.81
378.20	1699.81
378.41	1791.97
378.62	1773.54
378.83	1650.66
379.04	1867.75
379.25	1765.35
379.46	1730.53
379.66	1728.49
379.87	1724.39
380.08	1767.40
380.29	1765.35
380.50	1794.02
380.71	1660.90
380.92	1701.86
381.13	1646.57
381.33	1691.62
381.54	1701.86
381.75	1791.97
381.96	1722.34
382.17	1718.25
382.38	1720.29
382.59	1781.73
382.80	1751.01
383.00	1812.45
383.21	1646.57
383.42	1656.81
383.63	1607.66
383.84	1736.68
384.05	1712.10
384.26	1761.25
384.47	1742.82
384.67	1808.36
384.88	1630.18
385.09	1687.53
385.30	1796.07
385.51	1755.11
385.72	1751.01
385.93	1791.97
386.13	1732.58
386.34	1740.77
386.55	1828.84
386.76	1695.72
386.97	1812.45
387.18	1679.33
387.39	1677.29
387.59	1751.01
387.80	1712.10
388.01	1791.97
388.22	1714.15
388.43	1800.16
388.64	1705.96
388.85	1839.08
389.05	1669.09
389.26	1738.73
389.47	1718.25
389.68	1783.78
389.89	1691.62
390.10	1730.53
390.31	1716.20
390.51	1812.45
390.72	1843.17
390.93	1775.59
391.14	1783.78
391.35	1738.73
391.56	1812.45
391.76	1728.49
391.97	1804.26
392.18	1748.97
392.39	1695.72
392.60	1841.12
392.81	1699.81
393.01	1777.64
393.22	1818.60
393.43	1736.68
393.64	1773.54
393.85	1882.08
394.06	1753.06
394.26	1830.88
394.47	1722.34
394.68	1890.28
394.89	1675.24
395.10	1800.16
395.31	1740.77
395.51	1851.36
395.72	1804.26
395.93	1806.31
396.14	1787.88
396.35	1849.32
396.55	1742.82
396.76	1800.16
396.97	1812.45
397.18	1753.06
397.39	1751.01
397.60	1765.35
397.80	1791.97
398.01	1871.84
398.22	1796.07
398.43	1753.06
398.64	1708.01
398.84	1816.55
399.05	1789.92
399.26	1810.40
399.47	1730.53
399.68	1849.32
399.88	1834.98
400.09	1820.64
400.30	1812.45
400.51	1892.32
400.72	1816.55
400.92	1812.45
401.13	1816.55
401.34	1826.79
401.55	1810.40
401.76	1855.46
401.96	1806.31
402.17	1853.41
402.38	1908.71
402.59	1935.33
402.80	2195.42
403.00	1832.93
403.21	1877.99
403.42	1871.84
403.63	1869.80
403.84	1855.46
404.04	1785.83
404.25	1748.97
404.46	1853.41
404.67	1916.90
404.88	1939.43
405.08	1882.08
405.29	1855.46
405.50	1859.56
405.71	1800.16
405.91	1855.46
406.12	1841.12
406.33	1808.36
406.54	1847.27
406.75	1882.08
406.95	1789.92
407.16	1910.75
407.37	1861.60
407.58	1914.85
407.78	2189.28
407.99	1802.21
408.20	1900.52
408.41	1906.66
408.62	1861.60
408.82	1824.74
409.03	1861.60
409.24	1896.42
409.45	1951.71
409.65	1808.36
409.86	1931.23
410.07	1892.32
410.28	1812.45
410.48	1918.95
410.69	1865.70
410.90	1904.61
411.11	2058.21
411.31	1845.22
411.52	1898.47
411.73	1945.57
411.94	1851.36
412.14	1894.37
412.35	1888.23
412.56	1937.38
412.77	1857.51
412.98	1832.93
413.18	1861.60
413.39	1914.85
413.60	1968.10
413.81	1918.95
414.01	1839.08
414.22	1877.99
414.43	1925.09
414.64	1816.55
414.84	1892.32
415.05	1892.32
415.26	1927.14
415.46	1953.76
415.67	1871.84
415.88	1837.03
416.09	1931.23
416.29	1953.76
416.50	2056.16
416.71	1941.47
416.92	2002.91
417.12	1910.75
417.33	2007.01
417.54	1927.14
417.75	2013.15
417.95	2023.39
418.16	1974.24
418.37	1857.51
418.58	1947.62
418.78	1947.62
418.99	1949.67
419.20	2023.39
419.40	2000.87
419.61	1951.71
419.82	1966.05
420.03	1947.62
420.23	1892.32
420.44	1980.39
420.65	2064.35
420.85	1996.77
421.06	1984.48
421.27	2004.96
421.48	2015.20
421.68	2015.20
421.89	1914.85
422.10	1966.05
422.30	1976.29
422.51	1877.99
422.72	1961.95
422.93	1972.19
423.13	1955.81
423.34	2062.30
423.55	2056.16
423.75	2144.22
423.96	1988.58
424.17	2013.15
424.38	2043.87
424.58	1976.29
424.79	1972.19
425.00	2074.59
425.20	2037.73
425.41	2088.93
425.62	2047.97
425.83	1976.29
426.03	1957.86
426.24	2152.42
426.45	2070.50
426.65	2058.21
426.86	2002.91
427.07	2086.88
427.27	2115.55
427.48	2011.11
427.69	2029.54
427.89	2127.84
428.10	2080.74
428.31	2041.82
428.52	2166.75
428.72	2103.26
428.93	2160.61
429.14	2107.36
429.34	2111.46
429.55	2113.50
429.76	2109.41
429.96	2113.50
430.17	2078.69
430.38	2181.09
430.58	2166.75
430.79	2146.27
431.00	2121.70
431.20	2123.74
431.41	2146.27
431.62	2222.05
431.82	2285.53
432.03	2162.66
432.24	2160.61
432.44	2209.76
432.65	2138.08
432.86	2136.03
433.06	2232.29
433.27	2226.14
433.48	2193.37
433.68	2209.76
433.89	2115.55
434.10	2248.67
434.30	2252.77
434.51	2164.70
434.72	2228.19
434.92	2295.77
435.13	2193.37
435.34	2211.81
435.54	2187.23
435.75	2138.08
435.96	2172.89
436.16	2291.68
436.37	2082.78
436.58	2281.44
436.78	2246.62
436.99	2344.92
437.20	2328.54
437.40	2230.24
437.61	2275.29
437.82	2258.91
438.02	2334.68
438.23	2244.57
438.43	2303.96
438.64	2226.14
438.85	2301.92
439.05	2250.72
439.26	2252.77
439.47	2324.44
439.67	2246.62
439.88	2351.07
440.09	2310.11
440.29	2361.31
440.50	2351.07
440.71	2291.68
440.91	2385.88
441.12	2275.29
441.32	2340.83
441.53	2342.88
441.74	2420.70
441.94	2287.58
442.15	2240.48
442.36	2430.94
442.56	2422.75
442.77	2355.16
442.97	2297.82
443.18	2480.09
443.39	2435.03
443.59	2334.68
443.80	2314.20
444.01	2512.86
444.21	2418.65
444.42	2418.65
444.62	2379.74
444.83	2461.66
445.04	2332.64
445.24	2394.08
445.45	2426.84
445.66	2402.27
445.86	2400.22
446.07	2330.59
446.27	2451.42
446.48	2414.56
446.69	2408.41
446.89	2447.32
447.10	2367.45
447.30	2430.94
447.51	2402.27
447.72	2533.34
447.92	2553.82
448.13	2432.99
448.33	2480.09
448.54	2494.43
448.75	2441.18
448.95	2445.27
449.16	2484.19
449.36	2457.56
449.57	2461.66
449.78	2535.39
449.98	2498.52
450.19	2455.51
450.39	2496.47
450.60	2557.91
450.81	2488.28
451.01	2455.51
451.22	2467.80
451.42	2523.10
451.63	2537.43
451.84	2574.30
452.04	2502.62
452.25	2527.19
452.45	2574.30
452.66	2615.26
452.86	2525.15
453.07	2654.17
453.28	2549.72
453.48	2488.28
453.69	2580.44
453.89	2553.82
454.10	2537.43
454.30	2660.31
454.51	2635.74
454.72	2621.40
454.92	2676.70
455.13	2500.57
455.33	2572.25
455.54	2660.31
455.74	2684.89
455.95	2682.84
456.16	2654.17
456.36	2676.70
456.57	2695.13
456.77	2746.33
456.98	2703.32
457.18	2723.80
457.39	2621.40
457.60	2748.37
457.80	2709.46
458.01	2723.80
458.21	2721.75
458.42	2805.72
458.62	2775.00
458.83	2652.12
459.03	2725.85
459.24	2801.62
459.45	2836.44
459.65	2711.51
459.86	2777.05
460.06	2650.07
460.27	2795.48
460.47	2813.91
460.68	2854.87
460.88	2865.11
461.09	2842.58
461.30	2809.81
461.50	2717.65
461.71	2998.23
461.91	2801.62
462.12	2852.82
462.32	2881.49
462.53	2920.40
462.73	2899.92
462.94	2977.75
463.14	2928.60
463.35	3026.90
463.55	3014.61
463.76	2940.88
463.96	2887.64
464.17	2914.26
464.38	2885.59
464.58	3020.75
464.79	2881.49
464.99	3078.10
465.20	2990.03
465.40	3022.80
465.61	3006.42
465.81	3030.99
466.02	3194.83
466.22	3227.60
466.43	3104.72
466.63	3186.64
466.84	3260.37
467.04	3207.12
467.25	3157.97
467.45	3319.76
467.66	3194.83
467.86	3160.02
468.07	3227.60
468.27	3307.47
468.48	3377.10
468.68	3334.09
468.89	3350.48
469.09	3188.69
469.30	3393.48
469.51	3389.39
469.71	3502.03
469.92	3385.29
470.12	3616.71
470.33	3413.96
470.53	3416.01
470.74	3540.94
470.94	3555.27
471.15	3553.23
471.35	3917.76
471.56	3684.30
471.76	3733.45
471.97	3590.09
472.17	3594.19
472.38	3815.37
472.58	3758.02
472.78	3608.52
472.99	3692.49
473.19	3758.02
473.40	3856.33
473.60	3950.53
473.81	3798.98
474.01	3934.15
474.22	3852.23
474.42	3917.76
474.63	3954.63
474.83	3930.05
475.04	3930.05
475.24	3983.30
475.45	4251.58
475.65	4042.69
475.86	4054.98
476.06	4206.53
476.27	4169.66
476.47	4163.52
476.68	4298.69
476.88	4259.78
477.09	4366.27
477.29	4290.49
477.50	4345.79
477.70	4464.57
477.90	4310.97
478.11	4511.68
478.31	4530.11
478.52	4517.82
478.72	4530.11
478.93	4595.64
479.13	4693.94
479.34	4583.35
479.54	4589.50
479.75	4734.90
479.95	4685.75
480.16	4804.53
480.36	4822.97
480.56	4851.64
480.77	4992.95
480.97	4951.99
481.18	4888.50
481.38	5164.98
481.59	5138.35
481.79	4972.47
482.00	4970.42
482.20	5074.87
482.41	5355.44
482.61	5242.80
482.81	5294.00
483.02	5234.61
483.22	5193.65
483.43	5234.61
483.63	5324.72
483.84	5349.29
484.04	5373.87
484.24	5412.78
484.45	5425.07
484.65	5433.26
484.86	5633.96
485.06	5400.49
485.27	5750.70
485.47	5656.49
485.68	5660.59
485.88	5730.22
486.08	5762.98
486.29	5658.54
486.49	5824.42
486.70	5961.64
486.90	5969.83
487.11	5975.97
487.31	6109.09
487.51	5992.36
487.72	5955.49
487.92	6129.57
488.13	6057.89
488.33	6008.74
488.53	6043.56
488.74	6182.82
488.94	6219.68
489.15	6182.82
489.35	6211.49
489.56	6266.78
489.76	6408.09
489.96	6371.23
490.17	6399.90
490.37	6516.64
490.58	6512.54
490.78	6490.01
490.98	6485.92
491.19	6563.74
491.39	6659.99
491.60	6447.01
491.80	6657.95
492.00	6694.81
492.21	6565.79
492.41	6852.50
492.62	6610.84
492.82	6748.06
493.02	6977.43
493.23	6852.50
493.43	6737.82
493.64	6858.65
493.84	6883.22
494.04	7071.64
494.25	7047.06
494.45	6903.70
494.66	7057.30
494.86	7149.46
495.06	7069.59
495.27	7104.40
495.47	7288.72
495.67	7143.32
495.88	7305.10
496.08	7255.95
496.29	7481.23
496.49	7323.54
496.69	7331.73
496.90	7339.92
497.10	7548.81
497.30	7442.32
497.51	7454.61
497.71	7403.41
497.92	7487.37
498.12	7612.30
498.32	7686.03
498.53	7655.31
498.73	7683.98
498.93	7735.18
499.14	7659.40
499.34	7858.06
499.55	7808.90
499.75	7608.20
499.95	7741.32
500.16	7872.39
500.36	7686.03
500.56	7950.21
500.77	7925.64
500.97	7972.74
501.17	7997.32
501.38	8062.85
501.58	7927.69
501.79	8120.20
501.99	8023.94
502.19	7942.02
502.40	8089.48
502.60	8232.83
502.80	8230.79
503.01	8189.83
503.21	8185.73
503.41	8146.82
503.62	8345.47
503.82	8189.83
504.02	8271.75
504.23	8234.88
504.43	8341.38
504.63	8267.65
504.84	8359.81
505.04	8451.97
505.24	8494.97
505.45	8511.36
505.65	8513.41
505.85	8494.97
506.06	8337.28
506.26	8542.08
506.46	8480.64
506.67	8599.42
506.87	8828.79
507.07	8505.21
507.28	8583.04
507.48	8796.03
507.68	8621.95
507.89	8755.07
508.09	8824.70
508.29	8611.71
508.50	8796.03
508.70	8769.40
508.90	8769.40
509.11	8841.08
509.31	8757.11
509.51	8875.90
509.72	8920.95
509.92	8986.49
510.12	9049.97
510.32	9129.84
510.53	8804.22
510.73	9119.60
510.93	8918.90
511.14	9017.21
511.34	9015.16
511.54	9074.55
511.75	9342.83
511.95	9088.89
512.15	9152.37
512.36	9260.91
512.56	9201.52
512.76	9303.92
512.96	9240.44
513.17	9496.43
513.37	9199.48
513.57	9443.18
513.78	9373.55
513.98	9377.65
514.18	9461.62
514.38	9447.28
514.59	9394.03
514.79	9508.72
514.99	9256.82
515.20	9619.31
515.40	9678.70
515.60	9592.69
515.80	9504.62
516.01	9705.32
516.21	9738.09
516.41	9715.56
516.62	9774.95
516.82	9600.88
517.02	9551.73
517.22	9791.34
517.43	9744.24
517.63	9840.49
517.83	9764.72
518.04	9934.70
518.24	9944.94
518.44	10016.62
518.64	10047.33
518.85	10164.07
519.05	9852.78
519.25	10033.00
519.45	10006.38
519.66	10092.39
519.86	10065.77
520.06	10252.13
520.26	10057.57
520.47	9926.50
520.67	10215.27
520.87	10352.48
521.08	10153.83
521.28	10041.19
521.48	10202.98
521.68	10215.27
521.89	10291.04
522.09	10360.67
522.29	10526.56
522.49	10497.89
522.70	10524.51
522.90	10631.01
523.10	10481.50
523.30	10610.53
523.51	10581.85
523.71	10721.12
523.91	10540.90
524.11	10631.01
524.31	10993.50
524.52	10444.64
524.72	10809.18
524.92	10534.75
525.12	10651.49
525.33	10585.95
525.53	10792.80
525.73	10876.76
525.93	10772.32
526.14	10839.90
526.34	10843.99
526.54	10897.24
526.74	11149.14
526.95	11001.69
527.15	11112.28
527.35	11169.62
527.55	11126.61
527.75	10936.15
527.96	11003.74
528.16	10964.82
528.36	11112.28
528.56	11159.38
528.77	11183.96
528.97	11280.21
529.17	11431.76
529.37	11321.17
529.57	11460.43
529.78	11442.00
529.98	11507.54
530.18	11382.61
530.38	11435.86
530.58	11515.73
530.79	11491.15
530.99	11581.26
531.19	11573.07
531.39	11560.78
531.59	11755.34
531.80	11732.81
532.00	11599.70
532.20	11595.60
532.40	11953.99
532.60	11523.92
532.81	11892.55
533.01	11765.58
533.21	11892.55
533.41	11904.84
533.61	11894.60
533.82	11878.22
534.02	11870.03
534.22	11980.62
534.42	12132.17
534.62	11937.61
534.83	12336.96
535.03	12009.29
535.23	12271.43
535.43	12025.67
535.63	12097.35
535.83	12293.96
536.04	12392.26
536.24	12212.04
536.44	12365.64
536.64	12345.16
536.84	12255.04
537.05	12527.42
537.25	12588.86
537.45	12502.85
537.65	12568.38
537.85	12556.10
538.05	12656.45
538.26	12474.18
538.46	12678.97
538.66	12859.20
538.86	12650.30
539.06	12818.24
539.26	12832.57
539.47	12660.54
539.67	12855.10
539.87	12912.44
540.07	12863.29
540.27	13195.06
540.47	13039.42
540.68	13100.86
540.88	12963.64
541.08	12926.78
541.28	13027.13
541.48	12904.25
541.68	13162.30
541.88	13326.13
542.09	12855.10
542.29	13326.13
542.49	13373.24
542.69	13324.08
542.89	13154.10
543.09	13160.25
543.29	13197.11
543.50	13575.98
543.70	13250.36
543.90	13309.75
544.10	13588.27
544.30	13455.15
544.50	13453.11
544.70	13219.64
544.91	13524.79
545.11	13477.68
545.31	13696.82
545.51	13643.57
545.71	13651.76
545.91	13772.59
546.11	13612.85
546.31	13713.20
546.52	13940.52
546.72	13719.34
546.92	13879.08
547.12	13864.75
547.32	14059.31
547.52	14161.70
547.72	13737.77
547.92	14004.01
548.13	14055.21
548.33	14100.26
548.53	13936.43
548.73	13975.34
548.93	14278.44
549.13	14180.14
549.33	14100.26
549.53	14200.62
549.73	14251.81
549.94	14544.67
550.14	14354.21
550.34	14317.35
550.54	14196.52
550.74	14432.04
550.94	14235.43
551.14	14331.69
551.34	14397.22
551.54	14397.22
551.74	14528.29
551.95	14706.46
552.15	14518.05
552.35	15085.34
552.55	14624.54
552.75	14483.24
552.95	14634.78
553.15	14733.09
553.35	14858.01
553.55	14749.47
553.75	14724.90
553.95	14802.72
554.16	14954.27
554.36	14769.95
554.56	14993.18
554.76	14901.02
554.96	15015.71
555.16	14759.71
555.36	14982.94
555.56	15083.29
555.76	15001.37
555.96	14989.08
556.16	15079.19
556.36	15202.07
556.57	15030.04
556.77	15044.38
556.97	15060.76
557.17	14837.53
557.37	15224.60
557.57	15300.37
557.77	15109.91
557.97	15165.21
558.17	15382.29
558.37	15324.95
558.57	15185.69
558.77	15089.43
558.97	15136.54
559.17	15322.90
559.37	15372.05
559.57	15036.19
559.78	15447.83
559.98	15382.29
560.18	15703.82
560.38	15499.03
560.58	15333.14
560.78	15447.83
560.98	15505.17
561.18	15791.89
561.38	15599.38
561.58	15937.29
561.78	15623.95
561.98	15865.61
562.18	15918.86
562.38	15744.78
562.58	15935.24
562.78	15812.37
562.98	15736.59
563.18	16049.93
563.38	15791.89
563.58	16172.81
563.78	15900.43
563.98	15998.73
564.18	15963.92
564.38	15965.96
564.58	15877.90
564.79	16070.41
564.99	16103.18
565.19	16094.99
565.39	16348.93
565.59	16101.13
565.79	16119.56
565.99	16267.02
566.19	15957.77
566.39	16320.26
566.59	16058.12
566.79	16269.06
566.99	16283.40
567.19	16215.82
567.39	16459.52
567.59	16350.98
567.79	16324.36
567.99	16410.37
568.19	16400.13
568.39	16498.44
568.59	16463.62
568.79	16201.48
568.99	16649.99
569.19	16574.21
569.39	16795.39
569.59	16637.70
569.79	16310.02
569.99	16568.07
570.19	16578.31
570.39	16985.85
570.59	16885.50
570.79	16875.26
570.99	16826.11
571.19	16867.07
571.39	16611.07
571.59	16766.72
571.79	16891.65
571.99	16809.73
572.19	16772.86
572.39	17069.82
572.59	16830.21
572.79	17073.92
572.99	17008.38
573.19	16987.90
573.39	16973.56
573.59	16897.79
573.79	17123.07
573.99	17157.88
574.19	16965.37
574.38	17159.93
574.58	17233.66
574.78	17262.33
574.98	17123.07
575.18	16938.75
575.38	17327.86
575.58	17204.99
575.78	17649.39
575.98	17393.40
576.18	17446.65
576.38	17506.04
576.58	17262.33
576.78	17362.68
576.98	17383.16
577.18	17540.85
577.38	17241.85
577.58	17489.65
577.78	17389.30
577.98	17557.24
578.18	17415.93
578.38	17608.44
578.58	17909.49
578.78	17415.93
578.98	17809.14
579.18	17751.79
579.37	17932.01
579.57	17911.53
579.77	17981.17
579.97	17997.55
580.17	17835.76
580.37	17870.58
580.57	17977.07
580.77	17915.63
580.97	18626.28
581.17	18290.41
581.37	18171.63
581.57	18122.48
581.77	18034.41
581.97	18181.87
582.17	18110.19
582.37	18347.75
582.56	18050.80
582.76	18106.09
582.96	18372.33
583.16	18405.10
583.36	18372.33
583.56	18448.10
583.76	18609.89
583.96	18401.00
584.16	18687.71
584.36	18687.71
584.56	18552.55
584.76	18403.05
584.95	18687.71
585.15	18444.01
585.35	18783.97
585.55	18804.45
585.75	18826.98
585.95	18779.87
586.15	18732.77
586.35	18808.54
586.55	18734.82
586.75	18585.32
586.95	18966.24
587.14	18792.16
587.34	18900.70
587.54	18618.08
587.74	18994.91
587.94	18949.85
588.14	19150.56
588.34	19060.45
588.54	19052.25
588.74	19076.83
588.94	19128.03
589.13	19158.75
589.33	19115.74
589.53	19134.17
589.73	19330.78
589.93	19488.47
590.13	19433.18
590.33	19605.20
590.53	19236.57
590.72	19504.85
590.92	19386.07
591.12	19211.99
591.32	19312.35
591.52	19226.33
591.72	19543.77
591.92	19586.77
592.12	19465.94
592.32	19441.37
592.51	19308.25
592.71	19709.65
592.91	19617.49
593.11	19465.94
593.31	19760.85
593.51	19572.44
593.71	19957.46
593.90	19570.39
594.10	20088.53
594.30	19979.98
594.50	20291.27
594.70	19850.96
594.90	20098.77
595.10	19896.02
595.29	19982.03
595.49	19861.20
595.69	19959.50
595.89	20082.38
596.09	20162.25
596.29	19932.88
596.49	20098.77
596.68	19979.98
596.88	20203.21
597.08	20061.90
597.28	20031.18
597.48	20348.62
597.68	20287.18
597.87	20276.94
598.07	20475.59
598.27	20498.12
598.47	20553.41
598.67	20571.85
598.87	20666.05
599.06	20678.34
599.26	20514.50
599.46	20373.19
599.66	20373.19
599.86	20512.46
600.06	20557.51
600.25	20821.70
600.45	20725.44
600.65	20649.67
600.85	20594.37
601.05	20653.76
601.25	20657.86
601.44	21176.00
601.64	20678.34
601.84	21067.45
602.04	20979.39
602.24	20750.02
602.43	20979.39
602.63	20686.53
602.83	20831.94
603.03	20846.27
603.23	21112.51
603.42	21042.88
603.62	21089.98
603.82	21321.40
604.02	20973.25
604.22	21302.97
604.42	21061.31
604.61	21157.57
604.81	21264.06
605.01	21214.91
605.21	21683.89
605.40	20866.75
605.60	21419.71
605.80	21436.09
606.00	21325.50
606.20	21108.41
606.39	21581.49
606.59	21329.59
606.79	21366.46
606.99	21270.20
607.19	21485.24
607.38	21638.84
607.58	21505.72
607.78	21659.32
607.98	21751.48
608.18	21749.43
608.37	21825.20
608.57	21630.65
608.77	21622.45
608.97	21767.86
609.16	21567.16
609.36	21804.72
609.56	21593.78
609.76	22042.29
609.95	21569.21
610.15	21868.21
610.35	21694.13
610.55	21874.35
610.75	21540.54
610.94	21644.98
611.14	21683.89
611.34	22105.77
611.54	21659.32
611.73	21919.41
611.93	21817.01
612.13	22103.73
612.33	21923.51
612.52	21884.59
612.72	21821.11
612.92	21675.70
613.12	22105.77
613.31	22048.43
613.51	21923.51
613.71	22142.64
613.91	22390.44
614.10	22165.17
614.30	21948.08
614.50	22318.76
614.70	22212.27
614.89	22218.41
615.09	22120.11
615.29	22040.24
615.49	22255.28
615.68	21917.36
615.88	22462.12
616.08	22290.09
616.27	22460.07
616.47	22101.68
616.67	22376.11
616.87	22109.87
617.06	22509.22
617.26	22322.86
617.46	22193.84
617.66	22335.15
617.85	22314.67
618.05	22574.76
618.25	22501.03
618.44	22294.19
618.64	22286.00
618.84	22343.34
619.04	22255.28
619.23	22578.86
619.43	22265.52
619.63	22578.86
619.82	22656.68
620.02	22558.38
620.22	22466.22
620.42	22599.34
620.61	22779.56
620.81	22818.47
621.01	22699.69
621.20	22439.59
621.40	22783.65
621.60	22484.65
621.79	22898.34
621.99	22804.13
622.19	22718.12
622.39	22787.75
622.58	22789.80
622.78	22746.79
622.98	22707.88
623.17	22744.74
623.37	22967.97
623.57	23017.12
623.76	22711.97
623.96	22861.48
624.16	22744.74
624.35	22595.24
624.55	22695.59
624.75	23436.95
624.94	22826.66
625.14	22869.67
625.34	22945.44
625.53	22920.87
625.73	22986.40
625.93	22861.48
626.12	23119.52
626.32	22832.80
626.52	23019.17
626.71	23144.09
626.91	23092.90
627.11	22740.64
627.30	23049.89
627.50	22879.91
627.70	23221.92
627.89	23162.53
628.09	23281.31
628.29	23127.71
628.48	23084.70
628.68	23293.60
628.88	23287.45
629.07	23365.28
629.27	23334.56
629.47	23084.70
629.66	23289.50
629.86	23365.28
630.06	23398.04
630.25	23439.00
630.45	23344.80
630.65	23275.16
630.84	23465.63
631.04	23307.93
631.24	23379.61
631.43	23223.97
631.63	23844.50
631.82	23510.68
632.02	23445.15
632.22	23195.29
632.41	23674.52
632.61	23473.82
632.81	23502.49
633.00	23729.81
633.20	23903.89
633.39	23654.04
633.59	23428.76
633.79	23535.26
633.98	23553.69
634.18	23697.05
634.38	23940.75
634.57	23819.92
634.77	23598.74
634.96	23797.40
635.16	23998.10
635.36	24055.44
635.55	23791.25
635.75	24133.26
635.95	23705.24
636.14	24116.88
636.34	23701.14
636.53	23719.57
636.73	23752.34
636.93	23877.27
637.12	24059.54
637.32	24206.99
637.51	23983.76
637.71	24127.12
637.91	24215.18
638.10	23961.23
638.30	23985.81
638.49	24028.82
638.69	24321.68
638.89	23971.47
639.08	24174.22
639.28	23930.51
639.47	24376.97
639.67	24348.30
639.86	24295.05
640.06	24274.57
640.26	24235.66
640.45	24360.59
640.65	24184.46
640.84	24125.07
641.04	24155.79
641.24	24520.33
641.43	24333.96
641.63	24209.04
641.82	24532.62
642.02	24553.10
642.21	24327.82
642.41	24270.48
642.61	24544.91
642.80	24630.92
643.00	24288.91
643.19	24643.21
643.39	24442.51
643.58	24424.08
643.78	24573.58
643.97	24534.67
644.17	24659.59
644.37	24663.69
644.56	24667.78
644.76	24614.54
644.95	24508.04
645.15	24989.31
645.34	24585.86
645.54	24917.64
645.73	24579.72
645.93	24960.64
646.13	24741.51
646.32	24667.78
646.52	24882.82
646.71	24774.28
646.91	24712.84
647.10	24684.17
647.30	25175.68
647.49	24755.85
647.69	24985.22
647.88	25212.54
648.08	25095.81
648.28	24563.34
648.47	24936.07
648.67	24845.96
648.86	25065.09
649.06	25044.61
649.25	24938.12
649.45	25140.86
649.64	24954.50
649.84	25245.31
650.03	25034.37
650.23	25374.33
650.42	25169.54
650.62	25443.96
650.81	25003.65
651.01	24977.03
651.20	25175.68
651.40	25507.45
651.59	25464.44
651.79	25097.86
651.98	25249.41
652.18	25413.24
652.37	25357.95
652.57	25386.62
652.76	25345.66
652.96	25210.50
653.15	25544.31
653.35	25312.89
653.54	25104.00
653.74	25620.09
653.93	25572.99
654.13	25394.81
654.32	25437.82
654.52	25638.52
654.71	25466.49
654.91	25691.77
655.10	25325.18
655.30	25577.08
655.49	25642.62
655.69	25599.61
655.88	25728.63
656.08	25450.11
656.27	25702.01
656.47	25906.80
656.66	25517.69
656.86	25421.44
657.05	25816.69
657.25	25685.62
657.44	25921.14
657.64	25712.25
657.83	25988.72
658.03	26099.31
658.22	25890.42
658.42	25982.58
658.61	25552.51
658.80	25558.65
659.00	25794.17
659.19	25843.32
659.39	26134.13
659.58	25900.66
659.78	25814.65
659.97	26064.50
660.17	26230.38
660.36	25947.76
660.56	25855.61
660.75	25654.90
660.95	26066.55
661.14	25796.21
661.33	25943.67
661.53	26138.23
661.72	26142.32
661.92	26574.44
662.11	26082.93
662.31	25949.81
662.50	26322.54
662.70	25894.52
662.89	26189.42
663.08	26330.73
663.28	26355.31
663.47	26168.94
663.67	26125.94
663.86	26220.14
664.06	26275.44
664.25	26168.94
664.44	26639.98
664.64	26281.58
664.83	26379.89
665.03	26211.95
665.22	25769.59
665.42	26183.28
665.61	26474.09
665.80	26015.35
666.00	26388.08
666.19	26087.03
666.39	26861.16
666.58	26234.48
666.77	26625.64
666.97	26523.24
667.16	26484.33
667.36	26515.05
667.55	26261.10
667.75	26601.07
667.94	26228.34
668.13	26363.50
668.33	26302.06
668.52	26455.66
668.72	26271.34
668.91	26170.99
669.10	26564.20
669.30	26418.80
669.49	26588.78
669.69	26506.86
669.88	26685.03
670.07	26467.95
670.27	26596.97
670.46	26207.86
670.66	26453.61
670.85	26572.39
671.04	26838.63
671.24	26887.78
671.43	26398.32
671.62	26449.52
671.82	26599.02
672.01	26783.34
672.21	26416.75
672.40	26347.12
672.59	26564.20
672.79	26459.76
672.98	26678.89
673.17	26762.86
673.37	26908.26
673.56	26519.15
673.76	26580.59
673.95	26590.83
674.14	26932.84
674.34	26734.18
674.53	26697.32
674.72	26496.62
674.92	26769.00
675.11	26437.23
675.30	26404.46
675.50	26424.94
675.69	26584.68
675.89	26809.96
676.08	26295.92
676.27	26713.70
676.47	26744.42
676.66	26779.24
676.85	26898.02
677.05	26422.89
677.24	26488.43
677.43	26627.69
677.63	26637.93
677.82	26517.10
678.01	26547.82
678.21	26539.63
678.40	26762.86
678.59	26570.35
678.79	26699.37
678.98	26320.49
679.17	26635.88
679.37	26693.22
679.56	27000.42
679.75	26420.84
679.95	26807.91
680.14	26691.18
680.33	26781.29
680.53	26617.45
680.72	26910.31
680.91	26383.98
681.11	26687.08
681.30	26502.76
681.49	26734.18
681.69	27065.96
681.88	26648.17
682.07	26324.59
682.26	26746.47
682.46	26644.07
682.65	26672.74
682.84	26601.07
683.04	26336.88
683.23	26590.83
683.42	26891.88
683.62	26351.21
683.81	26728.04
684.00	26537.58
684.20	26834.53
684.39	26443.37
684.58	26488.43
684.77	26795.62
684.97	26531.44
685.16	26297.97
685.35	26594.92
685.55	26547.82
685.74	26992.23
685.93	26306.16
686.12	26637.93
686.32	26457.71
686.51	26666.60
686.70	26459.76
686.90	26822.25
687.09	26369.65
687.28	26529.39
687.47	26754.66
687.67	26693.22
687.86	26470.00
688.05	26338.93
688.25	26617.45
688.44	26691.18
688.63	26449.52
688.82	26463.85
689.02	26590.83
689.21	26453.61
689.40	26691.18
689.59	26406.51
689.79	26527.34
689.98	26771.05
690.17	26234.48
690.36	26791.53
690.56	26742.38
690.75	26525.29
690.94	27004.52
691.13	26707.56
691.33	26615.40
691.52	26611.31
691.71	26021.49
691.90	26803.82
692.10	26470.00
692.29	26560.11
692.48	26682.98
692.67	26539.63
692.87	26267.25
693.06	26429.04
693.25	26281.58
693.44	26396.27
693.64	26039.92
693.83	26154.61
694.02	26644.07
694.21	26132.08
694.40	26582.63
694.60	26420.84
694.79	26132.08
694.98	26437.23
695.17	26572.39
695.37	26408.56
695.56	26498.67
695.75	26211.95
695.94	26467.95
696.13	26574.44
696.33	26568.30
696.52	26345.07
696.71	26383.98
696.90	26506.86
697.10	26523.24
697.29	26695.27
697.48	26558.06
697.67	26590.83
697.86	26285.68
698.06	26355.31
698.25	26416.75
698.44	26564.20
698.63	26621.55
698.82	26379.89
699.02	26230.38
699.21	26367.60
699.40	26351.21
699.59	26148.46
699.78	26457.71
699.98	26719.85
700.17	26470.00
700.36	26787.43
700.55	26351.21
700.74	26357.36
700.93	26463.85
701.13	26490.48
701.32	26738.28
701.51	26486.38
701.70	26369.65
701.89	26224.24
702.09	26111.60
702.28	26695.27
702.47	26527.34
702.66	26895.97
702.85	26173.04
703.04	26076.79
703.24	26451.56
703.43	26674.79
703.62	26474.09
703.81	26375.79
704.00	26459.76
704.19	26498.67
704.39	26498.67
704.58	26424.94
704.77	26613.35
704.96	26234.48
705.15	26371.69
705.34	26844.77
705.54	26723.94
705.73	26271.34
705.92	26359.41
706.11	26537.58
706.30	26463.85
706.49	26490.48
706.68	26093.17
706.88	26447.47
707.07	26465.90
707.26	26685.03
707.45	26529.39
707.64	26254.96
707.83	26465.90
708.02	26390.13
708.22	26402.41
708.41	26355.31
708.60	26433.13
708.79	26791.53
708.98	26625.64
709.17	26431.08
709.36	26670.70
709.55	26457.71
709.75	26576.49
709.94	26517.10
710.13	26564.20
710.32	27059.81
710.51	26390.13
710.70	26545.77
710.89	26627.69
711.08	26539.63
711.27	26181.23
711.47	26852.97
711.66	26422.89
711.85	26470.00
712.04	26572.39
712.23	26404.46
712.42	26488.43
712.61	26717.80
712.80	26553.96
712.99	26695.27
713.19	26662.51
713.38	26756.71
713.57	26715.75
713.76	26490.48
713.95	26717.80
714.14	26441.32
714.33	26855.01
714.52	26553.96
714.71	26820.20
714.90	26412.65
715.09	26420.84
715.28	26760.81
715.48	26820.20
715.67	26715.75
715.86	26738.28
716.05	27078.24
716.24	26623.59
716.43	26371.69
716.62	26998.37
716.81	26682.98
717.00	26392.17
717.19	26664.55
717.38	26760.81
717.57	26752.62
717.76	26891.88
717.96	26736.23
718.15	26949.22
718.34	26762.86
718.53	26769.00
718.72	26631.79
718.91	26893.93
719.10	26506.86
719.29	26938.98
719.48	26932.84
719.67	26459.76
719.86	26990.18
720.05	26875.49
720.24	26713.70
720.43	26928.74
720.62	26961.51
720.81	27145.83
721.00	26814.05
721.19	27033.19
721.38	26789.48
721.57	26971.75
721.77	26996.32
721.96	26781.29
722.15	26893.93
722.34	26803.82
722.53	26834.53
722.72	26838.63
722.91	26832.49
723.10	27068.00
723.29	26998.37
723.48	26650.22
723.67	27074.15
723.86	27186.79
724.05	26887.78
724.24	27180.64
724.43	26826.34
724.62	26818.15
724.81	27041.38
725.00	26891.88
725.19	26881.64
725.38	26752.62
725.57	27022.95
725.76	27131.49
725.95	26637.93
726.14	26957.41
726.33	27326.05
726.52	26877.54
726.71	27217.50
726.90	27139.68
727.09	26988.13
727.28	27205.22
727.47	27070.05
727.66	26857.06
727.85	27070.05
728.04	27010.66
728.23	26857.06
728.42	27190.88
728.61	26783.34
728.80	27186.79
728.99	27280.99
729.18	26916.45
729.37	27412.06
729.56	27240.03
729.75	27100.77
729.94	27219.55
730.13	26785.38
730.32	26992.23
730.51	26934.88
730.70	27180.64
730.89	27274.85
731.08	26961.51
731.27	27211.36
731.46	27096.67
731.65	27178.59
731.84	26990.18
732.03	27305.57
732.21	27342.43
732.40	27399.77
732.59	27377.25
732.78	26998.37
732.97	27526.75
733.16	27432.54
733.35	27326.05
733.54	27319.90
733.73	27141.73
733.92	27127.39
734.11	26936.93
734.30	26975.84
734.49	27022.95
734.68	27364.96
734.87	27133.54
735.06	27364.96
735.25	27188.83
735.44	27242.08
735.63	27102.82
735.81	26949.22
736.00	27313.76
736.19	27025.00
736.38	27371.10
736.57	27407.97
736.76	27434.59
736.95	27082.34
737.14	27207.26
737.33	27111.01
737.52	27414.11
737.71	27098.72
737.90	27442.78
738.09	27242.08
738.28	27416.16
738.46	27145.83
738.65	27387.49
738.84	27328.10
739.03	27020.90
739.22	27504.22
739.41	27725.40
739.60	27158.11
739.79	27223.65
739.98	27254.37
740.17	27301.47
740.36	26990.18
740.54	27459.16
740.73	27295.33
740.92	27364.96
741.11	27530.84
741.30	27164.26
741.49	27147.87
741.68	27108.96
741.87	27106.91
742.06	27463.26
742.24	27342.43
742.43	27450.97
742.62	27063.91
742.81	27217.50
743.00	27285.09
743.19	27354.72
743.38	27580.00
743.57	27424.35
743.76	27254.37
743.94	27432.54
744.13	27530.84
744.32	27088.48
744.51	27453.02
744.70	27219.55
744.89	27217.50
745.08	27252.32
745.26	27141.73
745.45	26867.30
745.64	27080.29
745.83	27549.28
746.02	27416.16
746.21	27162.21
746.40	27344.48
746.58	27158.11
746.77	27532.89
746.96	27754.07
747.15	26891.88
747.34	27571.80
747.53	27190.88
747.72	27244.13
747.90	27041.38
748.09	27307.62
748.28	27252.32
748.47	27235.94
748.66	27151.97
748.85	26758.76
749.03	27166.31
749.22	27414.11
749.41	27211.36
749.60	27213.41
749.79	27397.73
749.98	27108.96
750.16	27280.99
750.35	27414.11
750.54	27219.55
750.73	27272.80
750.92	26904.17
751.11	27145.83
751.29	27031.14
751.48	27543.13
751.67	27145.83
751.86	26828.39
752.05	27113.06
752.24	27586.14
752.42	27407.97
752.61	27248.22
752.80	27068.00
752.99	27260.51
753.18	27258.46
753.36	26979.94
753.55	27530.84
753.74	26961.51
753.93	27268.70
754.12	26818.15
754.30	26895.97
754.49	27260.51
754.68	27293.28
754.87	27170.40
755.06	27020.90
755.24	27197.02
755.43	26828.39
755.62	27276.90
755.81	27127.39
755.99	27106.91
756.18	26938.98
756.37	26875.49
756.56	27188.83
756.75	26797.67
756.93	26711.66
757.12	26912.36
757.31	26904.17
757.50	26844.77
757.68	27256.42
757.87	26867.30
758.06	27092.58
758.25	26685.03
758.44	26787.43
758.62	26611.31
758.81	26771.05
759.00	26850.92
759.19	26857.06
759.37	26648.17
759.56	26936.93
759.75	27207.26
759.94	26678.89
760.12	26863.21
760.31	26922.60
760.50	26922.60
760.69	26996.32
760.87	26705.51
761.06	27041.38
761.25	26789.48
761.44	26596.97
761.62	26619.50
761.81	26900.07
762.00	26920.55
762.19	26863.21
762.37	26719.85
762.56	26652.27
762.75	26750.57
762.94	26734.18
763.12	26689.13
763.31	26670.70
763.50	26828.39
763.68	27037.28
763.87	26529.39
764.06	26883.69
764.25	26426.99
764.43	26838.63
764.62	26474.09
764.81	26537.58
764.99	26695.27
765.18	26687.08
765.37	26310.25
765.56	26519.15
765.74	26705.51
765.93	26685.03
766.12	26623.59
766.30	26551.91
766.49	26498.67
766.68	26613.35
766.87	26461.80
767.05	26519.15
767.24	26672.74
767.43	26361.45
767.61	26502.76
767.80	26332.78
767.99	26187.38
768.17	26349.17
768.36	26680.94
768.55	26240.62
768.73	26676.84
768.92	26513.00
769.11	26523.24
769.30	26506.86
769.48	26377.84
769.67	26340.97
769.86	26506.86
770.04	26404.46
770.23	26093.17
770.42	26107.51
770.60	26508.91
770.79	25998.96
770.98	26138.23
771.16	26185.33
771.35	26349.17
771.54	26109.55
771.72	26402.41
771.91	26609.26
772.10	26381.93
772.28	25898.61
772.47	26117.75
772.66	26242.67
772.84	26162.80
773.03	25937.52
773.22	26119.79
773.40	25927.28
773.59	25867.89
773.77	26011.25
773.96	26099.31
774.15	25867.89
774.33	26068.59
774.52	25951.86
774.71	25839.22
774.89	26023.54
775.08	25871.99
775.27	26048.11
775.45	26218.10
775.64	25777.78
775.83	25341.57
776.01	25810.55
776.20	25577.08
776.38	25982.58
776.57	25857.65
776.76	25677.43
776.94	25714.30
777.13	25955.96
777.32	25663.10
777.50	25519.74
777.69	25632.38
777.87	25685.62
778.06	25613.95
778.25	25638.52
778.43	25470.59
778.62	25892.47
778.80	25759.35
778.99	25585.27
779.18	25615.99
779.36	25693.82
779.55	25163.39
779.73	25667.19
779.92	25552.51
780.11	25816.69
780.29	25394.81
780.48	25456.25
780.66	25484.92
780.85	25241.21
781.04	25478.78
781.22	25409.15
781.41	25620.09
781.59	25083.52
781.78	25214.59
781.97	25826.93
782.15	25773.69
782.34	25214.59
782.52	25593.47
782.71	25292.41
782.89	25147.01
783.08	25138.82
783.27	25349.76
783.45	25370.24
783.64	25534.07
783.82	24977.03
784.01	25017.99
784.19	25169.54
784.38	25335.42
784.57	25202.30
784.75	25200.26
784.94	24815.24
785.12	25314.94
785.31	25484.92
785.49	25312.89
785.68	24675.98
785.86	24958.60
786.05	25122.43
786.24	25093.76
786.42	24958.60
786.61	25093.76
786.79	24950.40
786.98	24815.24
787.16	24755.85
787.35	25032.32
787.53	25114.24
787.72	24698.50
787.90	24884.87
788.09	24825.48
788.28	24854.15
788.46	24585.86
788.65	24952.45
788.83	24592.01
789.02	24786.57
789.20	24618.63
789.39	24491.66
789.57	25050.75
789.76	24741.51
789.94	24854.15
790.13	24483.47
790.31	25017.99
790.50	24348.30
790.68	25104.00
790.87	24749.70
791.05	24702.60
791.24	24516.23
791.42	24696.46
791.61	24379.02
791.79	24786.57
791.98	24395.40
792.16	24495.75
792.35	24579.72
792.53	24436.36
792.72	24944.26
792.90	24725.13
793.09	24460.94
793.27	24913.54
793.46	24305.29
793.64	24788.61
793.83	24604.30
794.01	24872.58
794.20	24370.83
794.38	24542.86
794.57	24831.62
794.75	24344.20
794.94	24569.48
795.12	24669.83
795.31	24813.19
795.49	24505.99
795.68	24596.10
795.86	24456.84
796.05	24612.49
796.23	24800.90
796.42	24655.50
796.60	24702.60
796.78	24974.98
796.97	24757.89
797.15	24399.50
797.34	24794.76
797.52	24815.24
797.71	24856.20
797.89	24718.98
798.08	24831.62
798.26	24643.21
798.45	24880.77
798.63	24544.91
798.81	24946.31
799.00	24891.01
799.18	25296.51
799.37	24936.07
799.55	25069.19
799.74	24864.39
799.92	25087.62
800.11	24692.36
800.29	24862.34
800.47	24997.51
800.66	25036.42
800.84	24739.46
801.03	24987.27
801.21	24854.15
801.40	24710.79
801.58	24985.22
801.76	24901.25
801.95	25276.03
802.13	25218.69
802.32	24927.88
802.50	25060.99
802.69	24934.02
802.87	24903.30
803.05	24856.20
803.24	25052.80
803.42	24915.59
803.61	24755.85
803.79	24929.92
803.97	24942.21
804.16	25458.30
804.34	25063.04
804.53	25273.98
804.71	25067.14
804.89	25200.26
805.08	25124.48
805.26	24921.73
805.45	24977.03
805.63	25300.61
805.81	25104.00
806.00	24798.85
806.18	25230.98
806.37	25267.84
806.55	24968.84
806.73	24968.84
806.92	25288.32
807.10	24938.12
807.28	24602.25
807.47	24866.44
807.65	24923.78
807.84	24999.55
808.02	25034.37
808.20	25169.54
808.39	24866.44
808.57	24718.98
808.75	24934.02
808.94	24606.34
809.12	24796.81
809.31	24698.50
809.49	24538.76
809.67	24866.44
809.86	24909.44
810.04	24583.82
810.22	24604.30
810.41	24407.69
810.59	24682.12
810.77	24510.09
810.96	24696.46
811.14	24600.20
811.32	24462.99
811.51	24696.46
811.69	24460.94
811.87	24260.24
812.06	24456.84
812.24	24358.54
812.42	24557.19
812.61	24577.67
812.79	24561.29
812.97	24247.95
813.16	24383.12
813.34	24252.05
813.52	24485.51
813.71	24241.81
813.89	24133.26
814.07	24137.36
814.26	24393.36
814.44	24100.50
814.62	24329.87
814.81	24153.74
814.99	24370.83
815.17	24514.19
815.36	24202.89
815.54	24149.65
815.72	23746.20
815.91	24250.00
816.09	24063.63
816.27	23799.44
816.45	24131.22
816.64	23867.03
816.82	23971.47
817.00	23879.32
817.19	23699.09
817.37	23740.05
817.55	23549.59
817.74	23809.68
817.92	23719.57
818.10	24022.67
818.28	23887.51
818.47	23748.25
818.65	23641.75
818.83	23592.60
819.02	23766.68
819.20	23662.23
819.38	23635.61
819.56	23768.73
819.75	23660.18
819.93	23889.56
820.11	23873.17
820.29	23248.54
820.48	23262.88
820.66	23463.58
820.84	23371.42
821.03	23398.04
821.21	23477.91
821.39	23535.26
821.57	23613.08
821.76	23221.92
821.94	23611.03
822.12	23156.38
822.30	23094.94
822.49	23445.15
822.67	23043.74
822.85	23260.83
823.03	23291.55
823.22	23219.87
823.40	23029.41
823.58	23221.92
823.76	23019.17
823.95	23090.85
824.13	23017.12
824.31	22871.72
824.49	22879.91
824.68	23058.08
824.86	23064.22
825.04	23033.50
825.22	23017.12
825.40	22886.05
825.59	22793.89
825.77	23101.09
825.95	22705.83
826.13	22937.25
826.32	22617.77
826.50	23008.93
826.68	22644.39
826.86	22775.46
827.04	22521.51
827.23	22912.67
827.41	22636.20
827.59	22580.90
827.77	22732.45
827.95	22693.54
828.14	22527.66
828.32	22711.97
828.50	22505.13
828.68	22591.14
828.86	22298.28
829.05	22615.72
829.23	22408.87
829.41	22675.11
829.59	22488.74
829.77	22023.86
829.96	22531.75
830.14	22402.73
830.32	22310.57
830.50	22257.32
830.68	22189.74
830.87	22308.52
831.05	22279.85
831.23	21997.23
831.41	22527.66
831.59	22136.49
831.77	21866.16
831.96	22120.11
832.14	22281.90
832.32	22095.53
832.50	22427.31
832.68	22103.73
832.86	22220.46
833.05	22156.97
833.23	21958.32
833.41	22292.14
833.59	21855.92
833.77	22054.58
833.95	21962.42
834.14	21958.32
834.32	21837.49
834.50	22253.23
834.68	21993.14
834.86	21767.86
835.04	21980.85
835.22	21733.04
835.41	21841.59
835.59	21882.55
835.77	21677.75
835.95	21452.47
836.13	21642.93
836.31	21905.07
836.49	21577.40
836.67	21925.55
836.86	22003.38
837.04	21655.22
837.22	21618.36
837.40	21708.47
837.58	21671.61
837.76	21470.90
837.94	21575.35
838.12	21438.14
838.31	21630.65
838.49	21552.82
838.67	21524.15
838.85	21681.85
839.03	21532.34
839.21	21663.41
839.39	21581.49
839.57	21556.92
839.75	21446.33
839.94	21647.03
840.12	21489.34
840.30	21290.68
840.48	21190.33
840.66	21403.32
840.84	21438.14
841.02	21491.38
841.20	21411.51
841.38	21153.47
841.56	21298.88
841.74	20989.63
841.93	21167.80
842.11	21143.23
842.29	21210.81
842.47	21460.66
842.65	21151.42
842.83	21100.22
843.01	21132.99
843.19	21198.52
843.37	21173.95
843.55	21122.75
843.73	21108.41
843.91	20946.62
844.09	21040.83
844.28	20952.77
844.46	20926.14
844.64	21200.57
844.82	21268.16
845.00	20956.86
845.18	21196.48
845.36	21094.08
845.54	20827.84
845.72	20688.58
845.90	20799.17
846.08	21075.65
846.26	21053.12
846.44	20860.61
846.62	21112.51
846.80	20795.07
846.98	21163.71
847.16	20815.55
847.34	20801.22
847.52	21124.80
847.70	20770.50
847.88	20434.63
848.07	20772.55
848.25	20641.48
848.43	21026.50
848.61	20973.25
848.79	20694.72
848.97	20674.24
849.15	20664.00
849.33	20371.15
849.51	20731.59
849.69	21120.70
849.87	20461.26
850.05	20547.27
850.23	20416.20
850.41	20778.69
850.59	20854.47
850.77	20917.95
850.95	20655.81
851.13	20604.61
851.31	20524.74
851.49	20373.19
851.67	20666.05
851.85	20641.48
852.03	20856.51
852.21	20420.30
852.39	20430.54
852.57	20635.33
852.75	20580.04
852.93	20201.16
853.11	20790.98
853.29	20301.51
853.47	20401.86
853.65	20401.86
853.83	20391.62
854.01	20764.36
854.19	20225.74
854.37	20612.81
854.55	20397.77
854.73	20324.04
854.91	20508.36
855.08	20338.38
855.26	20076.24
855.44	20174.54
855.62	20088.53
855.80	20014.80
855.98	20090.57
856.16	20137.68
856.34	20321.99
856.52	20315.85
856.70	20197.07
856.88	19965.65
857.06	20217.55
857.24	19973.84
857.42	20002.51
857.60	20084.43
857.78	19939.02
857.96	19990.22
858.14	19998.41
858.32	20059.85
858.50	20000.46
858.68	19932.88
858.85	20119.24
859.03	19936.98
859.21	19883.73
859.39	20051.66
859.57	19908.30
859.75	20174.54
859.93	19900.11
860.11	19863.25
860.29	19893.97
860.47	19994.32
860.65	19861.20
860.83	19691.22
861.01	19861.20
861.18	19814.10
861.36	19666.64
861.54	19470.04
861.72	19754.71
861.90	19601.11
862.08	19594.96
862.26	19914.45
862.44	19785.43
862.62	19955.41
862.80	19578.58
862.98	19590.87
863.15	19578.58
863.33	19898.06
863.51	19273.43
863.69	19472.09
863.87	19406.55
864.05	19795.67
864.23	19451.61
864.41	19580.63
864.59	19697.36
864.76	19367.64
864.94	19650.26
865.12	19517.14
865.30	19472.09
865.48	19578.58
865.66	19502.81
865.84	19246.81
866.02	19386.07
866.19	19150.56
866.37	19459.80
866.55	19545.81
866.73	19216.09
866.91	19166.94
867.09	19453.66
867.27	19283.67
867.44	19031.77
867.62	19224.28
867.80	19326.68
867.98	19181.28
868.16	19197.66
868.34	19142.36
868.52	19201.76
868.69	18829.02
868.87	18937.57
869.05	19128.03
869.23	19003.10
869.41	18908.90
869.59	18740.96
869.76	18978.53
869.94	18767.59
870.12	18843.36
870.30	19046.11
870.48	18669.28
870.66	18593.51
870.83	18796.26
871.01	18726.63
871.19	18988.77
871.37	18869.98
871.55	18452.20
871.73	18550.50
871.90	18450.15
872.08	18657.00
872.26	18480.87
872.44	18790.11
872.62	18421.48
872.79	18716.39
872.97	18689.76
873.15	18609.89
873.33	18376.42
873.51	18706.15
873.68	18452.20
873.86	18751.20
874.04	18409.19
874.22	18507.49
874.40	18501.35
874.57	18462.44
874.75	18753.25
874.93	18530.02
875.11	18102.00
875.29	18390.76
875.46	18517.73
875.64	18534.12
875.82	18441.96
876.00	18550.50
876.17	18566.88
876.35	18390.76
876.53	18845.41
876.71	18314.98
876.89	18607.84
877.06	18636.52
877.24	18118.38
877.42	18607.84
877.60	18493.16
877.77	18304.74
877.95	18345.70
878.13	18714.34
878.31	18679.52
878.48	18611.94
878.66	18837.22
878.84	18415.34
879.02	18525.93
879.19	18333.42
879.37	18620.13
879.55	18429.67
879.73	18628.32
879.90	18468.58
880.08	18419.43
880.26	18689.76
880.44	18704.10
880.61	18601.70
880.79	18654.95
880.97	18314.98
881.15	18607.84
881.32	18413.29
881.50	18839.26
881.68	18452.20
881.85	18446.05
882.03	18802.40
882.21	18788.07
882.39	18546.40
882.56	18564.84
882.74	18323.18
882.92	18677.48
883.09	18423.53
883.27	18689.76
883.45	18544.36
883.63	18818.78
883.80	18620.13
883.98	18605.80
884.16	18755.30
884.33	18505.45
884.51	18515.69
884.69	18499.30
884.87	18724.58
885.04	18869.98
885.22	18792.16
885.40	18517.73
885.57	18396.90
885.75	18589.41
885.93	18562.79
886.10	18757.35
886.28	18503.40
886.46	18609.89
886.63	18849.50
886.81	18941.66
886.99	18505.45
887.16	18450.15
887.34	18392.81
887.52	18980.57
887.69	18831.07
887.87	18548.45
888.05	18855.65
888.22	18759.39
888.40	18835.17
888.58	18831.07
888.75	18435.81
888.93	18648.80
889.11	18642.66
889.28	18542.31
889.46	18657.00
889.64	18679.52
889.81	18593.51
889.99	18575.08
890.17	18493.16
890.34	18700.00
890.52	18587.36
890.70	18446.05
890.87	18702.05
891.05	18693.86
891.22	18759.39
891.40	18687.71
891.58	18282.22
891.75	18665.19
891.93	18480.87
892.11	18261.74
892.28	18595.56
892.46	18802.40
892.63	18626.28
892.81	18673.38
892.99	18722.53
893.16	18450.15
893.34	18734.82
893.52	18302.70
893.69	18386.66
893.87	18329.32
894.04	18595.56
894.22	18511.59
894.40	18593.51
894.57	18505.45
894.75	18462.44
894.92	18425.57
895.10	18458.34
895.28	18423.53
895.45	18298.60
895.63	18499.30
895.80	18310.89
895.98	18405.10
896.16	18304.74
896.33	18339.56
896.51	18239.21
896.68	18286.31
896.86	18243.31
897.04	18421.48
897.21	18048.75
897.39	18253.55
897.56	18259.69
897.74	18093.80
897.91	18292.46
898.09	18013.93
898.27	18224.87
898.44	17938.16
898.62	17934.06
898.79	18007.79
898.97	17905.39
899.14	18036.46
899.32	18081.52
899.49	18048.75
899.67	18054.89
899.85	17843.95
900.02	18314.98
900.20	17743.60
900.37	18054.89
900.55	17792.75
900.72	18077.42
900.90	17962.73
901.07	18036.46
901.25	17999.60
901.43	17581.81
901.60	17594.10
901.78	17743.60
901.95	17870.58
902.13	17862.38
902.30	17856.24
902.48	17514.23
902.65	17651.44
902.83	17850.10
903.00	17716.98
903.18	17501.94
903.35	17473.27
903.53	17600.24
903.70	17368.82
903.88	17487.61
904.05	17723.12
904.23	17186.55
904.40	17520.37
904.58	17549.04
904.75	17159.93
904.93	17252.09
905.10	17270.52
905.28	17399.54
905.45	17127.16
905.63	17254.14
905.80	17161.98
905.98	17209.08
906.15	17252.09
906.33	16989.95
906.50	16973.56
906.68	17059.58
906.85	16901.89
907.03	17112.83
907.20	16957.18
907.38	17118.97
907.55	17108.73
907.73	17004.28
907.90	17041.15
908.08	16697.09
908.25	16826.11
908.43	16848.64
908.60	16721.66
908.78	16699.14
908.95	16768.77
909.13	16668.42
909.30	16680.71
909.47	16586.50
909.65	16725.76
909.82	16615.17
910.00	16592.64
910.17	16619.27
910.35	16412.42
910.52	16705.28
910.70	16496.39
910.87	16705.28
911.05	16279.30
911.22	16293.64
911.39	16473.86
911.57	16264.97
911.74	16176.91
911.92	16119.56
912.09	16213.77
912.27	16277.26
912.44	16312.07
912.61	16129.80
912.79	15970.06
912.96	16228.10
913.14	16051.98
913.31	16146.19
913.49	16318.22
913.66	15918.86
913.83	16201.48
914.01	15943.44
914.18	16004.88
914.36	15970.06
914.53	15806.22
914.70	15882.00
914.88	15933.20
915.05	15795.98
915.23	15687.44
915.40	15556.37
915.58	15812.37
915.75	15566.61
915.92	15558.42
916.10	15564.56
916.27	15673.10
916.44	15550.23
916.62	15449.88
916.79	15658.77
916.97	15453.97
917.14	15439.64
917.31	15357.72
917.49	15660.82
917.66	15359.77
917.84	15486.74
918.01	15142.68
918.18	14944.03
918.36	15025.95
918.53	15283.99
918.70	15230.74
918.88	14982.94
919.05	15193.88
919.23	15283.99
919.40	15329.05
919.57	15271.70
919.75	14882.59
919.92	14909.21
920.09	14952.22
920.27	14849.82
920.44	14808.86
920.61	14901.02
920.79	15128.35
920.96	14860.06
921.13	14630.69
921.31	14862.11
921.48	14659.36
921.65	14706.46
921.83	14792.48
922.00	14898.97
922.17	14655.26
922.35	14552.87
922.52	14380.84
922.69	14511.91
922.87	14685.98
923.04	14589.73
923.21	14399.27
923.39	14659.36
923.56	14438.18
923.73	14505.76
923.91	14194.47
924.08	14429.99
924.25	14192.42
924.43	14317.35
924.60	14300.97
924.77	14255.91
924.95	14071.59
925.12	14120.74
925.29	14176.04
925.47	14024.49
925.64	14247.72
925.81	14292.77
925.98	13913.90
926.16	14079.79
926.33	14014.25
926.50	13754.16
926.68	13881.13
926.85	13788.97
927.02	13899.56
927.19	13883.18
927.37	13963.05
927.54	13735.73
927.71	13772.59
927.89	13543.22
928.06	13797.17
928.23	13788.97
928.40	13760.30
928.58	13674.29
928.75	13510.45
928.92	13614.90
929.09	13526.83
929.27	13262.65
929.44	13377.33
929.61	13369.14
929.79	13647.66
929.96	13463.35
930.13	13330.23
930.30	13492.02
930.48	13383.48
930.65	13399.86
930.82	13313.84
930.99	13338.42
931.17	13147.96
931.34	13123.38
931.51	13170.49
931.68	13223.73
931.85	13012.79
932.03	12992.31
932.20	13152.06
932.37	12994.36
932.54	13090.62
932.72	12973.88
932.89	12953.40
933.06	13231.93
933.23	13078.33
933.41	12674.88
933.58	13096.76
933.75	12916.54
933.92	13074.23
934.09	12758.85
934.27	12662.59
934.44	12998.46
934.61	12808.00
934.78	12709.69
934.95	12781.37
935.13	12502.85
935.30	12814.14
935.47	12654.40
935.64	12500.80
935.81	12592.96
935.99	12668.73
936.16	12646.21
936.33	12523.33
936.50	12420.93
936.67	12592.96
936.85	12490.56
937.02	12552.00
937.19	12592.96
937.36	12285.76
937.53	12328.77
937.71	12261.19
937.88	12437.31
938.05	12250.95
938.22	12144.45
938.39	12246.85
938.56	12345.16
938.74	12037.96
938.91	12242.76
939.08	12224.33
939.25	12130.12
939.42	11921.23
939.59	12207.94
939.77	11990.86
939.94	11931.47
940.11	11978.57
940.28	11976.52
940.45	11925.32
940.62	11941.71
940.79	11968.33
940.97	11708.24
941.14	11855.69
941.31	11751.24
941.48	11618.13
941.65	11949.90
941.82	11861.84
941.99	11798.35
942.17	11589.46
942.34	11706.19
942.51	11519.82
942.68	11622.22
942.85	11700.05
943.02	11556.69
943.19	11433.81
943.36	11421.52
943.54	11493.20
943.71	11407.19
943.88	11788.11
944.05	11525.97
944.22	11362.13
944.39	11358.03
944.56	11376.47
944.73	11673.42
944.90	11296.60
945.08	11403.09
945.25	11175.77
945.42	11118.42
945.59	11102.04
945.76	11151.19
945.93	11210.58
946.10	11218.77
946.27	11163.48
946.44	11001.69
946.61	11181.91
946.78	10966.87
946.96	10975.06
947.13	11401.04
947.30	11114.33
947.47	11005.78
947.64	10948.44
947.81	11040.60
947.98	10737.50
948.15	10956.63
948.32	10815.32
948.49	10938.20
948.66	10762.08
948.83	10780.51
949.00	10714.97
949.17	10858.33
949.35	10930.01
949.52	10739.55
949.69	10579.81
949.86	10680.16
950.03	10676.06
950.20	10547.04
950.37	10749.79
950.54	10733.40
950.71	10501.98
950.88	10534.75
951.05	10489.70
951.22	10469.22
951.39	10596.19
951.56	10307.43
951.73	10426.21
951.90	10446.69
952.07	10237.80
952.24	10407.78
952.41	10389.35
952.58	10342.24
952.75	10303.33
952.92	10442.59
953.09	10200.93
953.26	10303.33
953.43	9983.85
953.60	10063.72
953.77	10028.90
953.94	10080.10
954.11	10106.73
954.28	10076.01
954.45	9875.31
954.62	9901.93
954.79	10106.73
954.96	10028.90
955.13	10096.49
955.30	10069.86
955.47	9852.78
955.64	9918.31
955.81	9811.82
955.98	9971.56
956.15	9817.96
956.32	9666.41
956.49	9881.45
956.66	9797.48
956.83	9820.01
957.00	9693.04
957.17	9938.79
957.34	9721.71
957.51	9647.98
957.68	9654.12
957.85	9557.87
958.02	9678.70
958.19	9445.23
958.36	9529.20
958.53	9383.79
958.70	9578.35
958.87	9553.77
959.04	9490.29
959.21	9437.04
959.38	9637.74
959.55	9373.55
959.72	9500.53
959.89	9330.55
960.06	9437.04
960.23	9338.74
960.39	9295.73
960.56	9154.42
960.73	9197.43
960.90	9305.97
961.07	9385.84
961.24	9189.24
961.41	9097.08
961.58	9131.89
961.75	9054.07
961.92	9027.45
962.09	9119.60
962.26	9074.55
962.43	9066.36
962.60	9009.01
962.76	9150.32
962.93	8873.85
963.10	9021.30
963.27	8959.86
963.44	8744.83
963.61	8908.66
963.78	8748.92
963.95	8716.16
964.12	8746.87
964.29	8990.58
964.46	8806.27
964.62	8718.20
964.79	8847.22
964.96	8787.83
965.13	8742.78
965.30	8554.37
965.47	8550.27
965.64	8783.74
965.81	8734.59
965.98	8517.50
966.14	8634.24
966.31	8533.89
966.48	8421.25
966.65	8363.90
966.82	8494.97
966.99	8345.47
967.16	8392.58
967.33	8394.62
967.49	8331.14
967.66	8398.72
967.83	8349.57
968.00	8281.99
968.17	8335.23
968.34	8392.58
968.51	8363.90
968.67	8413.06
968.84	8195.97
969.01	8206.21
969.18	8404.86
969.35	8109.96
969.52	8128.39
969.68	8140.68
969.85	8013.70
970.02	7886.73
970.19	8013.70
970.36	8048.52
970.53	8109.96
970.69	8001.41
970.86	7970.69
971.03	8001.41
971.20	8109.96
971.37	7995.27
971.54	7980.93
971.70	7915.40
971.87	7731.08
972.04	7982.98
972.21	7919.50
972.38	7886.73
972.55	7743.37
972.71	7614.35
972.88	7729.03
973.05	7726.99
973.22	7802.76
973.39	7735.18
973.55	7663.50
973.72	7602.06
973.89	7696.27
974.06	7581.58
974.23	7690.12
974.39	7620.49
974.56	7651.21
974.73	7538.57
974.90	7380.88
975.06	7427.98
975.23	7470.99
975.40	7495.57
975.57	7538.57
975.74	7524.24
975.90	7411.60
976.07	7520.14
976.24	7425.93
976.41	7421.84
976.57	7350.16
976.74	7358.35
976.91	7331.73
977.08	7382.93
977.24	7249.81
977.41	7122.84
977.58	7253.91
977.75	7284.62
977.92	7133.08
978.08	7253.91
978.25	7055.25
978.42	7063.44
978.58	6907.80
978.75	7178.13
978.92	7235.47
979.09	7249.81
979.25	6846.36
979.42	7092.12
979.59	6793.11
979.76	7051.16
979.92	6915.99
980.09	7018.39
980.26	6942.61
980.43	7071.64
980.59	6743.96
980.76	6987.67
980.93	6739.87
981.09	6952.85
981.26	6727.58
981.43	6922.13
981.60	6733.72
981.76	6739.87
981.93	6879.13
982.10	6764.44
982.26	6825.88
982.43	6715.29
982.60	6612.89
982.77	6674.33
982.93	6743.96
983.10	6606.75
983.27	6727.58
983.43	6780.82
983.60	6463.39
983.77	6571.93
983.93	6453.15
984.10	6633.37
984.27	6490.01
984.43	6457.25
984.60	6524.83
984.77	6379.42
984.93	6526.88
985.10	6530.97
985.27	6490.01
985.43	6295.46
985.60	6346.66
985.77	6240.16
985.93	6418.33
986.10	6330.27
986.27	6389.66
986.43	6414.24
986.60	6436.77
986.77	6242.21
986.93	6352.80
987.10	6313.89
987.27	6229.92
987.43	6092.71
987.60	6172.58
987.77	6111.14
987.93	6264.74
988.10	5963.68
988.27	6102.95
988.43	6078.37
988.60	6113.19
988.76	6174.63
988.93	6078.37
989.10	5986.21
989.26	6117.28
989.43	6016.93
989.60	6000.55
989.76	6049.70
989.93	6051.75
990.09	5947.30
990.26	6018.98
990.43	5873.57
990.59	5754.79
990.76	6023.08
990.92	5863.33
991.09	5863.33
991.26	5859.24
991.42	5744.55
991.59	5871.53
991.76	5668.78
991.92	5730.22
992.09	5748.65
992.25	5799.85
992.42	5797.80
992.58	5740.46
992.75	5740.46
992.92	5582.76
993.08	5599.15
993.25	5597.10
993.41	5535.66
993.58	5668.78
993.75	5580.71
993.91	5615.53
994.08	5670.83
994.24	5527.47
994.41	5453.74
994.57	5367.73
994.74	5523.37
994.91	5332.91
995.07	5478.32
995.24	5386.16
995.40	5382.06
995.57	5318.57
995.73	5375.92
995.90	5494.70
996.06	5380.01
996.23	5468.08
996.40	5175.22
996.56	5242.80
996.73	5310.38
996.89	5351.34
997.06	5312.43
997.22	5308.34
997.39	5267.38
997.55	5238.70
997.72	5269.42
997.88	5267.38
998.05	5193.65
998.21	5234.61
998.38	5193.65
998.54	5070.77
998.71	5089.20
998.87	5044.15
999.04	5128.11
999.21	5115.83
999.37	5109.68
999.54	5164.98
999.70	4868.02
999.87	5164.98
1000.03	4954.04
1000.20	5210.03
1000.36	5085.11
1000.53	4980.66
1000.69	5119.92
1000.86	5011.38
1001.02	4923.32
1001.19	4954.04
1001.35	4855.73
1001.52	4855.73
1001.68	4929.46
1001.84	4949.94
1002.01	4958.13
1002.17	4822.97
1002.34	4757.43
1002.50	4954.04
1002.67	4704.18
1002.83	4693.94
1003.00	4765.62
1003.16	4683.70
1003.33	4739.00
1003.49	4892.60
1003.66	4618.17
1003.82	4767.67
1003.99	4792.25
1004.15	4732.86
1004.32	4587.45
1004.48	4755.38
1004.64	4679.61
1004.81	4693.94
1004.97	4595.64
1005.14	4702.14
1005.30	4544.44
1005.47	4614.07
1005.63	4544.44
1005.80	4687.80
1005.96	4423.61
1006.12	4483.00
1006.29	4634.55
1006.45	4503.48
1006.62	4605.88
1006.78	4534.20
1006.95	4462.52
1007.11	4503.48
1007.27	4472.76
1007.44	4607.93
1007.60	4415.42
1007.77	4341.69
1007.93	4417.47
1008.09	4425.66
1008.26	4392.89
1008.42	4399.04
1008.59	4341.69
1008.75	4315.07
1008.92	4366.27
1009.08	4487.10
1009.24	4407.23
1009.41	4130.75
1009.57	4427.71
1009.73	4239.30
1009.90	4323.26
1010.06	4282.30
1010.23	4257.73
1010.39	4177.86
1010.55	4184.00
1010.72	4009.92
1010.88	4044.74
1011.05	4231.10
1011.21	4104.13
1011.37	4046.79
1011.54	4257.73
1011.70	4196.29
1011.86	4022.21
1012.03	4089.79
1012.19	4067.27
1012.36	4118.47
1012.52	4100.03
1012.68	3973.06
1012.85	3901.38
1013.01	4059.07
1013.17	3905.48
1013.34	4040.64
1013.50	3946.44
1013.66	3864.52
1013.83	3917.76
1013.99	3975.11
1014.15	3848.13
1014.32	3958.72
1014.48	3813.32
1014.64	3846.09
1014.81	3841.99
1014.97	3798.98
1015.13	3817.41
1015.30	3868.61
1015.46	3803.08
1015.62	3880.90
1015.79	3829.70
1015.95	3907.52
1016.11	3880.90
1016.28	3801.03
1016.44	3778.50
1016.60	3639.24
1016.77	3659.72
1016.93	3825.61
1017.09	3776.45
1017.26	3751.88
1017.42	3755.97
1017.58	3737.54
1017.74	3635.14
1017.91	3719.11
1018.07	3803.08
1018.23	3678.15
1018.40	3629.00
1018.56	3569.61
1018.72	3647.43
1018.88	3536.84
1019.05	3667.91
1019.21	3583.95
1019.37	3723.21
1019.54	3561.42
1019.70	3649.48
1019.86	3606.47
1020.02	3520.46
1020.19	3461.07
1020.35	3489.74
1020.51	3514.31
1020.68	3424.20
1020.84	3504.07
1021.00	3450.83
1021.16	3487.69
1021.33	3590.09
1021.49	3606.47
1021.65	3399.63
1021.81	3479.50
1021.98	3551.18
1022.14	3426.25
1022.30	3409.87
1022.46	3430.35
1022.63	3401.68
1022.79	3444.68
1022.95	3430.35
1023.11	3418.06
1023.27	3416.01
1023.44	3399.63
1023.60	3360.72
1023.76	3260.37
1023.92	3356.62
1024.09	3323.85
1024.25	3471.31
1024.41	3360.72
1024.57	3393.48
1024.74	3289.04
1024.90	3284.94
1025.06	3442.64
1025.22	3274.70
1025.38	3198.93
1025.55	3233.74
1025.71	3366.86
1025.87	3299.28
1026.03	3117.01
1026.19	3289.04
1026.36	3166.16
1026.52	3213.26
1026.68	3112.91
1026.84	3119.06
1027.00	3225.55
1027.17	3278.80
1027.33	3192.78
1027.49	3129.30
1027.65	3160.02
1027.81	3252.17
1027.97	3229.65
1028.14	3198.93
1028.30	3254.22
1028.46	3248.08
1028.62	3246.03
1028.78	3153.87
1028.94	3133.39
1029.11	3200.98
1029.27	3139.54
1029.43	3127.25
1029.59	3030.99
1029.75	3108.82
1029.91	3037.14
1030.08	3133.39
1030.24	3090.38
1030.40	3065.81
1030.56	3012.56
1030.72	3092.43
1030.88	2994.13
1031.04	2875.35
1031.21	2934.74
1031.37	3018.71
1031.53	3061.71
1031.69	2947.03
1031.85	2983.89
1032.01	2992.08
1032.17	3129.30
1032.34	3018.71
1032.50	2955.22
1032.66	2928.60
1032.82	2959.31
1032.98	2840.53
1033.14	3004.37
1033.30	2856.92
1033.46	2992.08
1033.62	2985.94
1033.79	2922.45
1033.95	2908.12
1034.11	2877.40
1034.27	2987.99
1034.43	2789.33
1034.59	2850.77
1034.75	2762.71
1034.91	2824.15
1035.07	2820.05
1035.23	2908.12
1035.40	2858.96
1035.56	2881.49
1035.72	2906.07
1035.88	2926.55
1036.04	2793.43
1036.20	2836.44