346.57	1318.89
346.78	1318.89
346.99	1318.89
347.20	1298.41
347.41	1353.71
347.62	1427.43
347.83	1388.52
348.04	1361.90
348.25	1445.87
348.46	1466.35
348.67	1398.76
348.88	1404.91
349.09	1351.66
349.30	1417.19
349.51	1398.76
349.72	1439.72
349.93	1406.95
350.14	1390.57
350.35	1466.35
350.56	1380.33
350.77	1413.10
350.98	1456.11
351.19	1417.19
351.40	1378.28
351.61	1392.62
351.82	1419.24
352.03	1341.42
352.24	1411.05
352.45	1425.39
352.66	1380.33
352.87	1464.30
353.08	1482.73
353.29	1398.76
353.50	1443.82
353.71	1462.25
353.92	1370.09
354.13	1454.06
354.34	1394.67
354.55	1411.05
354.76	1402.86
354.97	1419.24
355.18	1427.43
355.39	1386.47
355.60	1468.39
355.80	1476.59
356.01	1351.66
356.22	1372.14
356.43	1454.06
356.64	1435.63
356.85	1431.53
357.06	1437.67
357.27	1419.24
357.48	1449.96
357.69	1374.19
357.90	1458.15
358.11	1402.86
358.32	1427.43
358.53	1470.44
358.74	1388.52
358.95	1368.04
359.16	1441.77
359.37	1386.47
359.58	1505.26
359.79	1388.52
360.00	1454.06
360.21	1417.19
360.42	1429.48
360.63	1368.04
360.84	1429.48
361.05	1341.42
361.26	1417.19
361.46	1386.47
361.67	1402.86
361.88	1411.05
362.09	1429.48
362.30	1411.05
362.51	1484.78
362.72	1435.63
362.93	1396.71
363.14	1429.48
363.35	1423.34
363.56	1443.82
363.77	1421.29
363.98	1458.15
364.19	1478.63
364.40	1384.43
364.61	1427.43
364.82	1325.04
365.03	1447.91
365.24	1468.39
365.44	1384.43
365.65	1394.67
365.86	1443.82
366.07	1337.32
366.28	1312.75
366.49	1370.09
366.70	1394.67
366.91	1447.91
367.12	1396.71
367.33	1415.15
367.54	1392.62
367.75	1468.39
367.96	1292.27
368.17	1351.66
368.38	1404.91
368.58	1415.15
368.79	1458.15
369.00	1366.00
369.21	1435.63
369.42	1409.00
369.63	1486.83
369.84	1406.95
370.05	1466.35
370.26	1370.09
370.47	1427.43
370.68	1439.72
370.89	1470.44
371.09	1388.52
371.30	1476.59
371.51	1476.59
371.72	1406.95
371.93	1382.38
372.14	1325.04
372.35	1437.67
372.56	1363.95
372.77	1347.56
372.98	1474.54
373.19	1437.67
373.40	1388.52
373.60	1429.48
373.81	1376.24
374.02	1415.15
374.23	1382.38
374.44	1406.95
374.65	1404.91
374.86	1392.62
375.07	1406.95
375.28	1380.33
375.49	1435.63
375.69	1353.71
375.90	1411.05
376.11	1402.86
376.32	1392.62
376.53	1445.87
376.74	1517.54
376.95	1425.39
377.16	1370.09
377.37	1400.81
377.58	1378.28
377.78	1417.19
377.99	1470.44
378.20	1378.28
378.41	1449.96
378.62	1484.78
378.83	1390.57
379.04	1466.35
379.25	1409.00
379.46	1392.62
379.66	1398.76
379.87	1447.91
380.08	1359.85
380.29	1361.90
380.50	1437.67
380.71	1374.19
380.92	1359.85
381.13	1431.53
381.33	1370.09
381.54	1454.06
381.75	1406.95
381.96	1284.08
382.17	1390.57
382.38	1380.33
382.59	1447.91
382.80	1419.24
383.00	1427.43
383.21	1409.00
383.42	1396.71
383.63	1366.00
383.84	1374.19
384.05	1458.15
384.26	1376.24
384.47	1372.14
384.67	1458.15
384.88	1382.38
385.09	1439.72
385.30	1449.96
385.51	1406.95
385.72	1429.48
385.93	1370.09
386.13	1363.95
386.34	1429.48
386.55	1466.35
386.76	1501.16
386.97	1409.00
387.18	1400.81
387.39	1429.48
387.59	1372.14
387.80	1343.47
388.01	1402.86
388.22	1402.86
388.43	1396.71
388.64	1339.37
388.85	1484.78
389.05	1435.63
389.26	1468.39
389.47	1411.05
389.68	1402.86
389.89	1460.20
390.10	1386.47
390.31	1392.62
390.51	1388.52
390.72	1423.34
390.93	1411.05
391.14	1390.57
391.35	1398.76
391.56	1400.81
391.76	1404.91
391.97	1390.57
392.18	1406.95
392.39	1353.71
392.60	1406.95
392.81	1376.24
393.01	1372.14
393.22	1492.97
393.43	1355.76
393.64	1394.67
393.85	1441.77
394.06	1433.58
394.26	1413.10
394.47	1374.19
394.68	1431.53
394.89	1400.81
395.10	1406.95
395.31	1482.73
395.51	1439.72
395.72	1425.39
395.93	1462.25
396.14	1454.06
396.35	1527.78
396.55	1341.42
396.76	1398.76
396.97	1406.95
397.18	1370.09
397.39	1382.38
397.60	1425.39
397.80	1363.95
398.01	1386.47
398.22	1402.86
398.43	1427.43
398.64	1320.94
398.84	1384.43
399.05	1400.81
399.26	1460.20
399.47	1322.99
399.68	1470.44
399.88	1370.09
400.09	1458.15
400.30	1409.00
400.51	1382.38
400.72	1384.43
400.92	1378.28
401.13	1415.15
401.34	1390.57
401.55	1396.71
401.76	1464.30
401.96	1419.24
402.17	1472.49
402.38	1482.73
402.59	1488.87
402.80	1728.49
403.00	1417.19
403.21	1417.19
403.42	1419.24
403.63	1449.96
403.84	1333.23
404.04	1390.57
404.25	1466.35
404.46	1400.81
404.67	1437.67
404.88	1390.57
405.08	1427.43
405.29	1447.91
405.50	1466.35
405.71	1386.47
405.91	1417.19
406.12	1363.95
406.33	1384.43
406.54	1386.47
406.75	1396.71
406.95	1376.24
407.16	1370.09
407.37	1449.96
407.58	1394.67
407.78	1671.14
407.99	1435.63
408.20	1458.15
408.41	1458.15
408.62	1441.77
408.82	1374.19
409.03	1406.95
409.24	1431.53
409.45	1331.18
409.65	1312.75
409.86	1382.38
410.07	1480.68
410.28	1357.80
410.48	1413.10
410.69	1382.38
410.90	1427.43
411.11	1484.78
411.31	1409.00
411.52	1335.28
411.73	1409.00
411.94	1429.48
412.14	1368.04
412.35	1353.71
412.56	1404.91
412.77	1374.19
412.98	1415.15
413.18	1363.95
413.39	1417.19
413.60	1386.47
413.81	1468.39
414.01	1441.77
414.22	1429.48
414.43	1400.81
414.64	1378.28
414.84	1402.86
415.05	1376.24
415.26	1435.63
415.46	1429.48
415.67	1419.24
415.88	1341.42
416.09	1320.94
416.29	1431.53
416.50	1531.88
416.71	1390.57
416.92	1378.28
417.12	1400.81
417.33	1392.62
417.54	1439.72
417.75	1378.28
417.95	1472.49
418.16	1462.25
418.37	1449.96
418.58	1378.28
418.78	1396.71
418.99	1456.11
419.20	1435.63
419.40	1429.48
419.61	1394.67
419.82	1380.33
420.03	1460.20
420.23	1413.10
420.44	1437.67
420.65	1394.67
420.85	1423.34
421.06	1357.80
421.27	1423.34
421.48	1372.14
421.68	1443.82
421.89	1376.24
422.10	1378.28
422.30	1431.53
422.51	1363.95
422.72	1406.95
422.93	1433.58
423.13	1353.71
423.34	1513.45
423.55	1404.91
423.75	1380.33
423.96	1492.97
424.17	1415.15
424.38	1417.19
424.58	1394.67
424.79	1361.90
425.00	1398.76
425.20	1427.43
425.41	1406.95
425.62	1423.34
425.83	1382.38
426.03	1316.84
426.24	1431.53
426.45	1394.67
426.65	1388.52
426.86	1396.71
427.07	1339.37
427.27	1515.50
427.48	1419.24
427.69	1449.96
427.89	1384.43
428.10	1415.15
428.31	1351.66
428.52	1476.59
428.72	1458.15
428.93	1398.76
429.14	1495.02
429.34	1398.76
429.55	1486.83
429.76	1394.67
429.96	1415.15
430.17	1443.82
430.38	1474.54
430.58	1372.14
430.79	1388.52
431.00	1349.61
431.20	1443.82
431.41	1341.42
431.62	1480.68
431.82	1474.54
432.03	1478.63
432.24	1374.19
432.44	1447.91
432.65	1378.28
432.86	1378.28
433.06	1419.24
433.27	1404.91
433.48	1447.91
433.68	1402.86
433.89	1368.04
434.10	1447.91
434.30	1423.34
434.51	1398.76
434.72	1374.19
434.92	1372.14
435.13	1370.09
435.34	1486.83
435.54	1378.28
435.75	1435.63
435.96	1421.29
436.16	1482.73
436.37	1325.04
436.58	1427.43
436.78	1409.00
436.99	1392.62
437.20	1437.67
437.40	1437.67
437.61	1472.49
437.82	1423.34
438.02	1415.15
438.23	1460.20
438.43	1421.29
438.64	1361.90
438.85	1468.39
439.05	1427.43
439.26	1431.53
439.47	1474.54
439.67	1394.67
439.88	1417.19
440.09	1417.19
440.29	1449.96
440.50	1421.29
440.71	1406.95
440.91	1443.82
441.12	1427.43
441.32	1366.00
441.53	1353.71
441.74	1431.53
441.94	1271.79
442.15	1374.19
442.36	1417.19
442.56	1355.76
442.77	1419.24
442.97	1417.19
443.18	1611.75
443.39	1429.48
443.59	1431.53
443.80	1431.53
444.01	1521.64
444.21	1501.16
444.42	1470.44
444.62	1429.48
444.83	1392.62
445.04	1345.52
445.24	1366.00
445.45	1382.38
445.66	1452.01
445.86	1415.15
446.07	1402.86
446.27	1394.67
446.48	1411.05
446.69	1409.00
446.89	1409.00
447.10	1366.00
447.30	1409.00
447.51	1409.00
447.72	1492.97
447.92	1515.50
448.13	1339.37
448.33	1361.90
448.54	1492.97
448.75	1415.15
448.95	1433.58
449.16	1341.42
449.36	1460.20
449.57	1454.06
449.78	1531.88
449.98	1425.39
450.19	1400.81
450.39	1470.44
450.60	1468.39
450.81	1366.00
451.01	1415.15
451.22	1388.52
451.42	1331.18
451.63	1443.82
451.84	1374.19
452.04	1454.06
452.25	1505.26
452.45	1382.38
452.66	1398.76
452.86	1423.34
453.07	1378.28
453.28	1439.72
453.48	1431.53
453.69	1470.44
453.89	1308.65
454.10	1437.67
454.30	1406.95
454.51	1396.71
454.72	1392.62
454.92	1437.67
455.13	1445.87
455.33	1445.87
455.54	1462.25
455.74	1435.63
455.95	1351.66
456.16	1302.51
456.36	1376.24
456.57	1392.62
456.77	1406.95
456.98	1439.72
457.18	1419.24
457.39	1423.34
457.60	1495.02
457.80	1433.58
458.01	1413.10
458.21	1423.34
458.42	1411.05
458.62	1415.15
458.83	1419.24
459.03	1366.00
459.24	1447.91
459.45	1409.00
459.65	1421.29
459.86	1435.63
460.06	1353.71
460.27	1406.95
460.47	1386.47
460.68	1521.64
460.88	1423.34
461.09	1372.14
461.30	1472.49
461.50	1433.58
461.71	1472.49
461.91	1349.61
462.12	1421.29
462.32	1406.95
462.53	1357.80
462.73	1312.75
462.94	1492.97
463.14	1398.76
463.35	1378.28
463.55	1484.78
463.76	1396.71
463.96	1398.76
464.17	1433.58
464.38	1433.58
464.58	1392.62
464.79	1368.04
464.99	1404.91
465.20	1447.91
465.40	1394.67
465.61	1366.00
465.81	1392.62
466.02	1452.01
466.22	1429.48
466.43	1406.95
466.63	1357.80
466.84	1392.62
467.04	1437.67
467.25	1503.21
467.45	1415.15
467.66	1437.67
467.86	1423.34
468.07	1329.13
468.27	1460.20
468.48	1431.53
468.68	1441.77
468.89	1454.06
469.09	1404.91
469.30	1406.95
469.51	1435.63
469.71	1454.06
469.92	1327.08
470.12	1464.30
470.33	1431.53
470.53	1427.43
470.74	1490.92
470.94	1429.48
471.15	1343.47
471.35	1679.33
471.56	1390.57
471.76	1345.52
471.97	1400.81
472.17	1394.67
472.38	1406.95
472.58	1501.16
472.78	1363.95
472.99	1441.77
473.19	1449.96
473.40	1378.28
473.60	1480.68
473.81	1411.05
474.01	1347.56
474.22	1327.08
474.42	1419.24
474.63	1429.48
474.83	1429.48
475.04	1423.34
475.24	1423.34
475.45	1425.39
475.65	1431.53
475.86	1382.38
476.06	1392.62
476.27	1376.24
476.47	1421.29
476.68	1435.63
476.88	1388.52
477.09	1445.87
477.29	1345.52
477.50	1411.05
477.70	1425.39
477.90	1390.57
478.11	1488.87
478.31	1417.19
478.52	1372.14
478.72	1341.42
478.93	1343.47
479.13	1359.85
479.34	1468.39
479.54	1322.99
479.75	1382.38
479.95	1415.15
480.16	1468.39
480.36	1497.07
480.56	1402.86
480.77	1378.28
480.97	1415.15
481.18	1374.19
481.38	1542.12
481.59	1458.15
481.79	1345.52
482.00	1421.29
482.20	1417.19
482.41	1484.78
482.61	1441.77
482.81	1456.11
483.02	1404.91
483.22	1368.04
483.43	1374.19
483.63	1419.24
483.84	1277.93
484.04	1382.38
484.24	1423.34
484.45	1425.39
484.65	1435.63
484.86	1388.52
485.06	1427.43
485.27	1390.57
485.47	1415.15
485.68	1454.06
485.88	1333.23
486.08	1382.38
486.29	1413.10
486.49	1413.10
486.70	1355.76
486.90	1392.62
487.11	1445.87
487.31	1384.43
487.51	1425.39
487.72	1392.62
487.92	1439.72
488.13	1488.87
488.33	1480.68
488.53	1390.57
488.74	1376.24
488.94	1433.58
489.15	1382.38
489.35	1433.58
489.56	1398.76
489.76	1490.92
489.96	1400.81
490.17	1421.29
490.37	1392.62
490.58	1429.48
490.78	1474.54
490.98	1419.24
491.19	1447.91
491.39	1462.25
491.60	1327.08
491.80	1423.34
492.00	1368.04
492.21	1427.43
492.41	1380.33
492.62	1361.90
492.82	1400.81
493.02	1449.96
493.23	1488.87
493.43	1517.54
493.64	1406.95
493.84	1406.95
494.04	1382.38
494.25	1419.24
494.45	1349.61
494.66	1433.58
494.86	1443.82
495.06	1366.00
495.27	1402.86
495.47	1466.35
495.67	1497.07
495.88	1480.68
496.08	1443.82
496.29	1406.95
496.49	1470.44
496.69	1372.14
496.90	1468.39
497.10	1472.49
497.30	1380.33
497.51	1366.00
497.71	1386.47
497.92	1382.38
498.12	1454.06
498.32	1396.71
498.53	1415.15
498.73	1452.01
498.93	1538.02
499.14	1439.72
499.34	1431.53
499.55	1357.80
499.75	1349.61
499.95	1384.43
500.16	1370.09
500.36	1366.00
500.56	1409.00
500.77	1425.39
500.97	1355.76
501.17	1388.52
501.38	1370.09
501.58	1474.54
501.79	1366.00
501.99	1335.28
502.19	1435.63
502.40	1433.58
502.60	1486.83
502.80	1437.67
503.01	1421.29
503.21	1458.15
503.41	1327.08
503.62	1458.15
503.82	1292.27
504.02	1392.62
504.23	1347.56
504.43	1390.57
504.63	1468.39
504.84	1376.24
505.04	1433.58
505.24	1472.49
505.45	1423.34
505.65	1361.90
505.85	1382.38
506.06	1417.19
506.26	1415.15
506.46	1427.43
506.67	1419.24
506.87	1417.19
507.07	1421.29
507.28	1423.34
507.48	1419.24
507.68	1370.09
507.89	1402.86
508.09	1355.76
508.29	1449.96
508.50	1423.34
508.70	1484.78
508.90	1386.47
509.11	1474.54
509.31	1435.63
509.51	1380.33
509.72	1433.58
509.92	1388.52
510.12	1417.19
510.32	1425.39
510.53	1460.20
510.73	1394.67
510.93	1404.91
511.14	1452.01
511.34	1380.33
511.54	1411.05
511.75	1415.15
511.95	1533.93
512.15	1327.08
512.36	1480.68
512.56	1400.81
512.76	1400.81
512.96	1476.59
513.17	1497.07
513.37	1392.62
513.57	1409.00
513.78	1458.15
513.98	1409.00
514.18	1390.57
514.38	1353.71
514.59	1349.61
514.79	1409.00
514.99	1429.48
515.20	1411.05
515.40	1411.05
515.60	1466.35
515.80	1429.48
516.01	1415.15
516.21	1466.35
516.41	1368.04
516.62	1357.80
516.82	1417.19
517.02	1361.90
517.22	1454.06
517.43	1435.63
517.63	1456.11
517.83	1335.28
518.04	1370.09
518.24	1423.34
518.44	1351.66
518.64	1417.19
518.85	1435.63
519.05	1443.82
519.25	1437.67
519.45	1482.73
519.66	1443.82
519.86	1390.57
520.06	1388.52
520.26	1372.14
520.47	1368.04
520.67	1406.95
520.87	1439.72
521.08	1366.00
521.28	1388.52
521.48	1490.92
521.68	1390.57
521.89	1429.48
522.09	1452.01
522.29	1409.00
522.49	1361.90
522.70	1449.96
522.90	1488.87
523.10	1355.76
523.30	1351.66
523.51	1421.29
523.71	1415.15
523.91	1441.77
524.11	1419.24
524.31	1415.15
524.52	1533.93
524.72	1431.53
524.92	1441.77
525.12	1460.20
525.33	1404.91
525.53	1400.81
525.73	1452.01
525.93	1419.24
526.14	1382.38
526.34	1427.43
526.54	1402.86
526.74	1376.24
526.95	1427.43
527.15	1392.62
527.35	1345.52
527.55	1458.15
527.75	1378.28
527.96	1429.48
528.16	1406.95
528.36	1355.76
528.56	1435.63
528.77	1366.00
528.97	1404.91
529.17	1413.10
529.37	1431.53
529.57	1355.76
529.78	1441.77
529.98	1396.71
530.18	1431.53
530.38	1372.14
530.58	1439.72
530.79	1406.95
530.99	1402.86
531.19	1368.04
531.39	1435.63
531.59	1447.91
531.80	1503.21
532.00	1431.53
532.20	1394.67
532.40	1380.33
532.60	1386.47
532.81	1390.57
533.01	1390.57
533.21	1425.39
533.41	1423.34
533.61	1431.53
533.82	1482.73
534.02	1413.10
534.22	1443.82
534.42	1380.33
534.62	1441.77
534.83	1404.91
535.03	1468.39
535.23	1370.09
535.43	1484.78
535.63	1439.72
535.83	1480.68
536.04	1443.82
536.24	1482.73
536.44	1382.38
536.64	1423.34
536.84	1437.67
537.05	1392.62
537.25	1406.95
537.45	1466.35
537.65	1390.57
537.85	1404.91
538.05	1304.56
538.26	1382.38
538.46	1398.76
538.66	1486.83
538.86	1425.39
539.06	1472.49
539.26	1366.00
539.47	1361.90
539.67	1464.30
539.87	1417.19
540.07	1425.39
540.27	1388.52
540.47	1402.86
540.68	1396.71
540.88	1503.21
541.08	1490.92
541.28	1449.96
541.48	1468.39
541.68	1404.91
541.88	1484.78
542.09	1542.12
542.29	1490.92
542.49	1433.58
542.69	1636.33
542.89	1511.40
543.09	1492.97
543.29	1452.01
543.50	1505.26
543.70	1472.49
543.90	1390.57
544.10	1452.01
544.30	1357.80
544.50	1423.34
544.70	1443.82
544.91	1497.07
545.11	1501.16
545.31	1548.26
545.51	1572.84
545.71	1462.25
545.91	1519.59
546.11	1495.02
546.31	1419.24
546.52	1447.91
546.72	1431.53
546.92	1452.01
547.12	1513.45
547.32	1445.87
547.52	1427.43
547.72	1404.91
547.92	1400.81
548.13	1363.95
548.33	1484.78
548.53	1484.78
548.73	1449.96
548.93	1404.91
549.13	1421.29
549.33	1464.30
549.53	1427.43
549.73	1384.43
549.94	1423.34
550.14	1474.54
550.34	1452.01
550.54	1468.39
550.74	1427.43
550.94	1441.77
551.14	1441.77
551.34	1419.24
551.54	1472.49
551.74	1392.62
551.95	1406.95
552.15	1456.11
552.35	1429.48
552.55	1372.14
552.75	1419.24
552.95	1384.43
553.15	1386.47
553.35	1392.62
553.55	1464.30
553.75	1374.19
553.95	1380.33
554.16	1419.24
554.36	1443.82
554.56	1388.52
554.76	1333.23
554.96	1409.00
555.16	1435.63
555.36	1492.97
555.56	1490.92
555.76	1429.48
555.96	1404.91
556.16	1396.71
556.36	1417.19
556.57	1447.91
556.77	1370.09
556.97	1449.96
557.17	1439.72
557.37	1437.67
557.57	1431.53
557.77	1456.11
557.97	1404.91
558.17	1445.87
558.37	1443.82
558.57	1396.71
558.77	1386.47
558.97	1372.14
559.17	1396.71
559.37	1382.38
559.57	1368.04
559.78	1370.09
559.98	1402.86
560.18	1388.52
560.38	1449.96
560.58	1392.62
560.78	1400.81
560.98	1431.53
561.18	1503.21
561.38	1429.48
561.58	1437.67
561.78	1462.25
561.98	1417.19
562.18	1415.15
562.38	1411.05
562.58	1411.05
562.78	1423.34
562.98	1411.05
563.18	1411.05
563.38	1376.24
563.58	1402.86
563.78	1368.04
563.98	1456.11
564.18	1454.06
564.38	1425.39
564.58	1435.63
564.79	1476.59
564.99	1411.05
565.19	1449.96
565.39	1447.91
565.59	1388.52
565.79	1390.57
565.99	1439.72
566.19	1415.15
566.39	1411.05
566.59	1366.00
566.79	1417.19
566.99	1472.49
567.19	1540.07
567.39	1427.43
567.59	1402.86
567.79	1366.00
567.99	1390.57
568.19	1427.43
568.39	1425.39
568.59	1353.71
568.79	1480.68
568.99	1445.87
569.19	1427.43
569.39	1390.57
569.59	1380.33
569.79	1339.37
569.99	1423.34
570.19	1476.59
570.39	1413.10
570.59	1470.44
570.79	1443.82
570.99	1396.71
571.19	1376.24
571.39	1400.81
571.59	1409.00
571.79	1447.91
571.99	1388.52
572.19	1433.58
572.39	1441.77
572.59	1433.58
572.79	1349.61
572.99	1427.43
573.19	1355.76
573.39	1380.33
573.59	1427.43
573.79	1318.89
573.99	1406.95
574.19	1357.80
574.38	1409.00
574.58	1429.48
574.78	1398.76
574.98	1429.48
575.18	1366.00
575.38	1417.19
575.58	1431.53
575.78	1482.73
575.98	1437.67
576.18	1435.63
576.38	1466.35
576.58	1368.04
576.78	1433.58
576.98	1374.19
577.18	1540.07
577.38	1361.90
577.58	1374.19
577.78	1322.99
577.98	1464.30
578.18	1378.28
578.38	1470.44
578.58	1406.95
578.78	1417.19
578.98	1411.05
579.18	1304.56
579.37	1419.24
579.57	1419.24
579.77	1415.15
579.97	1419.24
580.17	1425.39
580.37	1415.15
580.57	1433.58
580.77	1378.28
580.97	1720.29
581.17	1304.56
581.37	1361.90
581.57	1390.57
581.77	1353.71
581.97	1417.19
582.17	1355.76
582.37	1427.43
582.56	1466.35
582.76	1404.91
582.96	1394.67
583.16	1435.63
583.36	1417.19
583.56	1499.11
583.76	1409.00
583.96	1357.80
584.16	1382.38
584.36	1384.43
584.56	1429.48
584.76	1464.30
584.95	1495.02
585.15	1349.61
585.35	1380.33
585.55	1425.39
585.75	1396.71
585.95	1404.91
586.15	1413.10
586.35	1366.00
586.55	1370.09
586.75	1509.35
586.95	1437.67
587.14	1370.09
587.34	1431.53
587.54	1384.43
587.74	1447.91
587.94	1437.67
588.14	1495.02
588.34	1472.49
588.54	1415.15
588.74	1370.09
588.94	1472.49
589.13	1452.01
589.33	1327.08
589.53	1380.33
589.73	1415.15
589.93	1499.11
590.13	1423.34
590.33	1384.43
590.53	1415.15
590.72	1445.87
590.92	1411.05
591.12	1325.04
591.32	1394.67
591.52	1370.09
591.72	1431.53
591.92	1437.67
592.12	1380.33
592.32	1312.75
592.51	1419.24
592.71	1474.54
592.91	1394.67
593.11	1443.82
593.31	1452.01
593.51	1396.71
593.71	1431.53
593.90	1460.20
594.10	1386.47
594.30	1476.59
594.50	1421.29
594.70	1343.47
594.90	1415.15
595.10	1402.86
595.29	1378.28
595.49	1425.39
595.69	1482.73
595.89	1452.01
596.09	1388.52
596.29	1386.47
596.49	1464.30
596.68	1394.67
596.88	1409.00
597.08	1447.91
597.28	1452.01
597.48	1404.91
597.68	1382.38
597.87	1437.67
598.07	1431.53
598.27	1396.71
598.47	1437.67
598.67	1427.43
598.87	1384.43
599.06	1402.86
599.26	1488.87
599.46	1409.00
599.66	1439.72
599.86	1353.71
600.06	1417.19
600.25	1476.59
600.45	1443.82
600.65	1488.87
600.85	1415.15
601.05	1523.69
601.25	1394.67
601.44	1421.29
601.64	1386.47
601.84	1468.39
602.04	1398.76
602.24	1437.67
602.43	1413.10
602.63	1423.34
602.83	1347.56
603.03	1337.32
603.23	1398.76
603.42	1439.72
603.62	1411.05
603.82	1382.38
604.02	1322.99
604.22	1376.24
604.42	1372.14
604.61	1417.19
604.81	1406.95
605.01	1384.43
605.21	1740.77
605.40	1458.15
605.60	1339.37
605.80	1384.43
606.00	1417.19
606.20	1384.43
606.39	1404.91
606.59	1423.34
606.79	1394.67
606.99	1439.72
607.19	1372.14
607.38	1474.54
607.58	1406.95
607.78	1443.82
607.98	1388.52
608.18	1396.71
608.37	1374.19
608.57	1456.11
608.77	1394.67
608.97	1357.80
609.16	1392.62
609.36	1400.81
609.56	1488.87
609.76	1392.62
609.95	1409.00
610.15	1566.70
610.35	1480.68
610.55	1447.91
610.75	1490.92
610.94	1523.69
611.14	1492.97
611.34	1499.11
611.54	1411.05
611.73	1507.30
611.93	1507.30
612.13	1445.87
612.33	1439.72
612.52	1474.54
612.72	1482.73
612.92	1433.58
613.12	1386.47
613.31	1363.95
613.51	1525.74
613.71	1470.44
613.91	1509.35
614.10	1435.63
614.30	1437.67
614.50	1533.93
614.70	1421.29
614.89	1480.68
615.09	1421.29
615.29	1404.91
615.49	1427.43
615.68	1509.35
615.88	1443.82
616.08	1478.63
616.27	1390.57
616.47	1392.62
616.67	1470.44
616.87	1388.52
617.06	1427.43
617.26	1386.47
617.46	1449.96
617.66	1415.15
617.85	1525.74
618.05	1501.16
618.25	1474.54
618.44	1501.16
618.64	1386.47
618.84	1400.81
619.04	1404.91
619.23	1499.11
619.43	1406.95
619.63	1505.26
619.82	1406.95
620.02	1546.22
620.22	1456.11
620.42	1394.67
620.61	1392.62
620.81	1538.02
621.01	1394.67
621.20	1435.63
621.40	1456.11
621.60	1390.57
621.79	1417.19
621.99	1372.14
622.19	1431.53
622.39	1431.53
622.58	1427.43
622.78	1437.67
622.98	1409.00
623.17	1470.44
623.37	1624.04
623.57	1454.06
623.76	1476.59
623.96	1488.87
624.16	1452.01
624.35	1429.48
624.55	1308.65
624.75	1570.79
624.94	1476.59
625.14	1419.24
625.34	1394.67
625.53	1390.57
625.73	1449.96
625.93	1447.91
626.12	1406.95
626.32	1372.14
626.52	1484.78
626.71	1419.24
626.91	1392.62
627.11	1468.39
627.30	1325.04
627.50	1433.58
627.70	1468.39
627.89	1392.62
628.09	1435.63
628.29	1396.71
628.48	1415.15
628.68	1392.62
628.88	1374.19
629.07	1495.02
629.27	1454.06
629.47	1421.29
629.66	1507.30
629.86	1458.15
630.06	1411.05
630.25	1427.43
630.45	1447.91
630.65	1400.81
630.84	1497.07
631.04	1435.63
631.24	1454.06
631.43	1394.67
631.63	1507.30
631.82	1445.87
632.02	1519.59
632.22	1392.62
632.41	1427.43
632.61	1478.63
632.81	1454.06
633.00	1378.28
633.20	1476.59
633.39	1445.87
633.59	1447.91
633.79	1445.87
633.98	1404.91
634.18	1441.77
634.38	1452.01
634.57	1417.19
634.77	1456.11
634.96	1374.19
635.16	1456.11
635.36	1474.54
635.55	1400.81
635.75	1452.01
635.95	1396.71
636.14	1470.44
636.34	1495.02
636.53	1474.54
636.73	1339.37
636.93	1476.59
637.12	1435.63
637.32	1427.43
637.51	1419.24
637.71	1515.50
637.91	1464.30
638.10	1458.15
638.30	1476.59
638.49	1452.01
638.69	1447.91
638.89	1415.15
639.08	1492.97
639.28	1464.30
639.47	1488.87
639.67	1533.93
639.86	1523.69
640.06	1437.67
640.26	1499.11
640.45	1409.00
640.65	1423.34
640.84	1513.45
641.04	1523.69
641.24	1525.74
641.43	1439.72
641.63	1523.69
641.82	1548.26
642.02	1445.87
642.21	1572.84
642.41	1550.31
642.61	1509.35
642.80	1583.08
643.00	1578.98
643.19	1474.54
643.39	1585.13
643.58	1501.16
643.78	1576.94
643.97	1572.84
644.17	1660.90
644.37	1660.90
644.56	1640.42
644.76	1589.22
644.95	1742.82
645.15	1748.97
645.34	1581.03
645.54	1703.91
645.73	1638.38
645.93	1720.29
646.13	1746.92
646.32	1742.82
646.52	1720.29
646.71	1718.25
646.91	1753.06
647.10	1873.89
647.30	1814.50
647.49	1916.90
647.69	2138.08
647.88	2209.76
648.08	2349.02
648.28	2881.49
648.47	3598.28
648.67	4179.90
648.86	5652.39
649.06	8667.00
649.25	12111.69
649.45	19037.92
649.64	29904.44
649.84	33674.75
650.03	26527.34
650.23	17215.23
650.42	10501.98
650.62	7112.60
650.81	4984.76
651.01	3741.64
651.20	2985.94
651.40	2731.99
651.59	2500.57
651.79	2267.10
651.98	2140.13
652.18	2039.78
652.37	2025.44
652.57	2060.26
652.76	1974.24
652.96	1902.56
653.15	1935.33
653.35	1837.03
653.54	1865.70
653.74	1820.64
653.93	1746.92
654.13	1851.36
654.32	1738.73
654.52	1695.72
654.71	1791.97
654.91	1710.05
655.10	1748.97
655.30	1757.16
655.49	1718.25
655.69	1712.10
655.88	1638.38
656.08	1615.85
656.27	1652.71
656.47	1673.19
656.66	1650.66
656.86	1687.53
657.05	1632.23
657.25	1615.85
657.44	1634.28
657.64	1630.18
657.83	1574.89
658.03	1611.75
658.22	1683.43
658.42	1640.42
658.61	1595.37
658.80	1574.89
659.00	1566.70
659.19	1615.85
659.39	1521.64
659.58	1603.56
659.78	1636.33
659.97	1558.50
660.17	1632.23
660.36	1566.70
660.56	1517.54
660.75	1548.26
660.95	1523.69
661.14	1578.98
661.33	1490.92
661.53	1521.64
661.72	1562.60
661.92	1593.32
662.11	1519.59
662.31	1497.07
662.50	1562.60
662.70	1482.73
662.89	1466.35
663.08	1482.73
663.28	1505.26
663.47	1454.06
663.67	1376.24
663.86	1501.16
664.06	1501.16
664.25	1480.68
664.44	1544.17
664.64	1474.54
664.83	1478.63
665.03	1474.54
665.22	1452.01
665.42	1419.24
665.61	1435.63
665.80	1439.72
666.00	1433.58
666.19	1458.15
666.39	1499.11
666.58	1452.01
666.77	1425.39
666.97	1425.39
667.16	1406.95
667.36	1454.06
667.55	1384.43
667.75	1427.43
667.94	1427.43
668.13	1386.47
668.33	1513.45
668.52	1390.57
668.72	1421.29
668.91	1363.95
669.10	1423.34
669.30	1415.15
669.49	1538.02
669.69	1558.50
669.88	1447.91
670.07	1501.16
670.27	1368.04
670.46	1388.52
670.66	1445.87
670.85	1374.19
671.04	1472.49
671.24	1443.82
671.43	1488.87
671.62	1404.91
671.82	1294.32
672.01	1341.42
672.21	1347.56
672.40	1439.72
672.59	1400.81
672.79	1443.82
672.98	1460.20
673.17	1427.43
673.37	1390.57
673.56	1458.15
673.76	1464.30
673.95	1435.63
674.14	1497.07
674.34	1386.47
674.53	1394.67
674.72	1466.35
674.92	1445.87
675.11	1437.67
675.30	1439.72
675.50	1429.48
675.69	1351.66
675.89	1456.11
676.08	1441.77
676.27	1505.26
676.47	1433.58
676.66	1419.24
676.85	1427.43
677.05	1390.57
677.24	1386.47
677.43	1447.91
677.63	1462.25
677.82	1431.53
678.01	1357.80
678.21	1411.05
678.40	1374.19
678.59	1411.05
678.79	1378.28
678.98	1355.76
679.17	1398.76
679.37	1431.53
679.56	1386.47
679.75	1398.76
679.95	1452.01
680.14	1447.91
680.33	1349.61
680.53	1392.62
680.72	1413.10
680.91	1460.20
681.11	1468.39
681.30	1370.09
681.49	1402.86
681.69	1425.39
681.88	1411.05
682.07	1392.62
682.26	1458.15
682.46	1458.15
682.65	1468.39
682.84	1361.90
683.04	1363.95
683.23	1454.06
683.42	1376.24
683.62	1366.00
683.81	1366.00
684.00	1513.45
684.20	1411.05
684.39	1357.80
684.58	1406.95
684.77	1488.87
684.97	1435.63
685.16	1406.95
685.35	1351.66
685.55	1425.39
685.74	1411.05
685.93	1413.10
686.12	1390.57
686.32	1421.29
686.51	1439.72
686.70	1353.71
686.90	1429.48
687.09	1419.24
687.28	1439.72
687.47	1435.63
687.67	1333.23
687.86	1409.00
688.05	1447.91
688.25	1388.52
688.44	1503.21
688.63	1429.48
688.82	1406.95
689.02	1437.67
689.21	1349.61
689.40	1341.42
689.59	1363.95
689.79	1392.62
689.98	1505.26
690.17	1452.01
690.36	1456.11
690.56	1413.10
690.75	1515.50
690.94	1484.78
691.13	1427.43
691.33	1394.67
691.52	1304.56
691.71	1349.61
691.90	1445.87
692.10	1423.34
692.29	1429.48
692.48	1425.39
692.67	1394.67
692.87	1361.90
693.06	1357.80
693.25	1402.86
693.44	1394.67
693.64	1376.24
693.83	1429.48
694.02	1363.95
694.21	1357.80
694.40	1384.43
694.60	1433.58
694.79	1421.29
694.98	1476.59
695.17	1411.05
695.37	1460.20
695.56	1378.28
695.75	1275.88
695.94	1376.24
696.13	1419.24
696.33	1374.19
696.52	1390.57
696.71	1394.67
696.90	1431.53
697.10	1388.52
697.29	1402.86
697.48	1394.67
697.67	1423.34
697.86	1437.67
698.06	1404.91
698.25	1327.08
698.44	1376.24
698.63	1445.87
698.82	1337.32
699.02	1376.24
699.21	1441.77
699.40	1361.90
699.59	1433.58
699.78	1415.15
699.98	1402.86
700.17	1331.18
700.36	1368.04
700.55	1398.76
700.74	1482.73
700.93	1402.86
701.13	1384.43
701.32	1425.39
701.51	1390.57
701.70	1454.06
701.89	1380.33
702.09	1402.86
702.28	1476.59
702.47	1386.47
702.66	1458.15
702.85	1443.82
703.04	1398.76
703.24	1421.29
703.43	1398.76
703.62	1445.87
703.81	1363.95
704.00	1429.48
704.19	1449.96
704.39	1384.43
704.58	1312.75
704.77	1363.95
704.96	1439.72
705.15	1384.43
705.34	1363.95
705.54	1382.38
705.73	1421.29
705.92	1341.42
706.11	1402.86
706.30	1507.30
706.49	1390.57
706.68	1382.38
706.88	1454.06
707.07	1417.19
707.26	1464.30
707.45	1380.33
707.64	1456.11
707.83	1392.62
708.02	1398.76
708.22	1394.67
708.41	1394.67
708.60	1423.34
708.79	1376.24
708.98	1380.33
709.17	1384.43
709.36	1423.34
709.55	1423.34
709.75	1409.00
709.94	1374.19
710.13	1361.90
710.32	1431.53
710.51	1488.87
710.70	1415.15
710.89	1357.80
711.08	1370.09
711.27	1370.09
711.47	1443.82
711.66	1368.04
711.85	1439.72
712.04	1392.62
712.23	1411.05
712.42	1495.02
712.61	1384.43
712.80	1435.63
712.99	1449.96
713.19	1396.71
713.38	1452.01
713.57	1384.43
713.76	1368.04
713.95	1425.39
714.14	1425.39
714.33	1359.85
714.52	1439.72
714.71	1425.39
714.90	1404.91
715.09	1388.52
715.28	1302.51
715.48	1488.87
715.67	1482.73
715.86	1398.76
716.05	1378.28
716.24	1447.91
716.43	1396.71
716.62	1415.15
716.81	1433.58
717.00	1468.39
717.19	1384.43
717.38	1439.72
717.57	1415.15
717.76	1443.82
717.96	1390.57
718.15	1429.48
718.34	1433.58
718.53	1382.38
718.72	1404.91
718.91	1357.80
719.10	1456.11
719.29	1460.20
719.48	1355.76
719.67	1427.43
719.86	1486.83
720.05	1402.86
720.24	1372.14
720.43	1372.14
720.62	1357.80
720.81	1480.68
721.00	1388.52
721.19	1394.67
721.38	1419.24
721.57	1402.86
721.77	1427.43
721.96	1339.37
722.15	1423.34
722.34	1353.71
722.53	1394.67
722.72	1435.63
722.91	1441.77
723.10	1480.68
723.29	1404.91
723.48	1423.34
723.67	1359.85
723.86	1388.52
724.05	1349.61
724.24	1370.09
724.43	1406.95
724.62	1411.05
724.81	1394.67
725.00	1486.83
725.19	1480.68
725.38	1411.05
725.57	1417.19
725.76	1452.01
725.95	1329.13
726.14	1415.15
726.33	1298.41
726.52	1470.44
726.71	1388.52
726.90	1396.71
727.09	1423.34
727.28	1374.19
727.47	1374.19
727.66	1437.67
727.85	1433.58
728.04	1370.09
728.23	1390.57
728.42	1392.62
728.61	1359.85
728.80	1425.39
728.99	1277.93
729.18	1398.76
729.37	1361.90
729.56	1423.34
729.75	1386.47
729.94	1368.04
730.13	1374.19
730.32	1343.47
730.51	1341.42
730.70	1372.14
730.89	1398.76
731.08	1505.26
731.27	1316.84
731.46	1480.68
731.65	1427.43
731.84	1421.29
732.03	1415.15
732.21	1431.53
732.40	1427.43
732.59	1320.94
732.78	1447.91
732.97	1435.63
733.16	1458.15
733.35	1382.38
733.54	1370.09
733.73	1458.15
733.92	1359.85
734.11	1382.38
734.30	1452.01
734.49	1351.66
734.68	1404.91
734.87	1447.91
735.06	1433.58
735.25	1366.00
735.44	1347.56
735.63	1454.06
735.81	1499.11
736.00	1464.30
736.19	1427.43
736.38	1415.15
736.57	1511.40
736.76	1409.00
736.95	1409.00
737.14	1388.52
737.33	1368.04
737.52	1382.38
737.71	1370.09
737.90	1368.04
738.09	1419.24
738.28	1429.48
738.46	1339.37
738.65	1361.90
738.84	1425.39
739.03	1445.87
739.22	1298.41
739.41	1417.19
739.60	1443.82
739.79	1380.33
739.98	1398.76
740.17	1409.00
740.36	1376.24
740.54	1421.29
740.73	1402.86
740.92	1386.47
741.11	1488.87
741.30	1396.71
741.49	1404.91
741.68	1431.53
741.87	1409.00
742.06	1404.91
742.24	1456.11
742.43	1255.40
742.62	1427.43
742.81	1441.77
743.00	1482.73
743.19	1353.71
743.38	1384.43
743.57	1409.00
743.76	1435.63
743.94	1427.43
744.13	1425.39
744.32	1357.80
744.51	1394.67
744.70	1382.38
744.89	1316.84
745.08	1456.11
745.26	1374.19
745.45	1400.81
745.64	1419.24
745.83	1400.81
746.02	1421.29
746.21	1400.81
746.40	1361.90
746.58	1394.67
746.77	1423.34
746.96	1406.95
747.15	1429.48
747.34	1464.30
747.53	1443.82
747.72	1345.52
747.90	1452.01
748.09	1423.34
748.28	1388.52
748.47	1361.90
748.66	1302.51
748.85	1411.05
749.03	1454.06
749.22	1406.95
749.41	1394.67
749.60	1409.00
749.79	1382.38
749.98	1396.71
750.16	1406.95
750.35	1400.81
750.54	1394.67
750.73	1382.38
750.92	1452.01
751.11	1476.59
751.29	1404.91
751.48	1452.01
751.67	1388.52
751.86	1374.19
752.05	1376.24
752.24	1312.75
752.42	1411.05
752.61	1378.28
752.80	1406.95
752.99	1341.42
753.18	1370.09
753.36	1390.57
753.55	1458.15
753.74	1433.58
753.93	1439.72
754.12	1394.67
754.30	1363.95
754.49	1460.20
754.68	1413.10
754.87	1439.72
755.06	1421.29
755.24	1380.33
755.43	1282.03
755.62	1460.20
755.81	1409.00
755.99	1370.09
756.18	1464.30
756.37	1409.00
756.56	1400.81
756.75	1431.53
756.93	1366.00
757.12	1419.24
757.31	1374.19
757.50	1382.38
757.68	1449.96
757.87	1394.67
758.06	1351.66
758.25	1404.91
758.44	1322.99
758.62	1406.95
758.81	1411.05
759.00	1357.80
759.19	1384.43
759.37	1368.04
759.56	1396.71
759.75	1378.28
759.94	1468.39
760.12	1452.01
760.31	1419.24
760.50	1368.04
760.69	1460.20
760.87	1376.24
761.06	1449.96
761.25	1480.68
761.44	1447.91
761.62	1454.06
761.81	1398.76
762.00	1388.52
762.19	1454.06
762.37	1456.11
762.56	1409.00
762.75	1402.86
762.94	1353.71
763.12	1411.05
763.31	1458.15
763.50	1390.57
763.68	1507.30
763.87	1400.81
764.06	1382.38
764.25	1447.91
764.43	1427.43
764.62	1372.14
764.81	1372.14
764.99	1390.57
765.18	1413.10
765.37	1423.34
765.56	1458.15
765.74	1476.59
765.93	1388.52
766.12	1449.96
766.30	1398.76
766.49	1394.67
766.68	1392.62
766.87	1400.81
767.05	1386.47
767.24	1472.49
767.43	1454.06
767.61	1456.11
767.80	1429.48
767.99	1415.15
768.17	1337.32
768.36	1374.19
768.55	1441.77
768.73	1480.68
768.92	1441.77
769.11	1464.30
769.30	1394.67
769.48	1406.95
769.67	1386.47
769.86	1380.33
770.04	1302.51
770.23	1366.00
770.42	1380.33
770.60	1351.66
770.79	1394.67
770.98	1398.76
771.16	1509.35
771.35	1402.86
771.54	1402.86
771.72	1417.19
771.91	1394.67
772.10	1357.80
772.28	1406.95
772.47	1419.24
772.66	1349.61
772.84	1359.85
773.03	1394.67
773.22	1423.34
773.40	1423.34
773.59	1327.08
773.77	1353.71
773.96	1431.53
774.15	1429.48
774.33	1443.82
774.52	1415.15
774.71	1378.28
774.89	1378.28
775.08	1452.01
775.27	1400.81
775.45	1437.67
775.64	1345.52
775.83	1376.24
776.01	1417.19
776.20	1409.00
776.38	1388.52
776.57	1366.00
776.76	1443.82
776.94	1447.91
777.13	1484.78
777.32	1347.56
777.50	1363.95
777.69	1390.57
777.87	1445.87
778.06	1472.49
778.25	1374.19
778.43	1398.76
778.62	1468.39
778.80	1435.63
778.99	1372.14
779.18	1355.76
779.36	1341.42
779.55	1423.34
779.73	1378.28
779.92	1349.61
780.11	1396.71
780.29	1378.28
780.48	1409.00
780.66	1390.57
780.85	1361.90
781.04	1406.95
781.22	1394.67
781.41	1413.10
781.59	1388.52
781.78	1400.81
781.97	1386.47
782.15	1419.24
782.34	1398.76
782.52	1439.72
782.71	1359.85
782.89	1386.47
783.08	1382.38
783.27	1388.52
783.45	1347.56
783.64	1460.20
783.82	1355.76
784.01	1386.47
784.19	1331.18
784.38	1439.72
784.57	1378.28
784.75	1394.67
784.94	1427.43
785.12	1460.20
785.31	1480.68
785.49	1353.71
785.68	1282.03
785.86	1366.00
786.05	1341.42
786.24	1470.44
786.42	1386.47
786.61	1406.95
786.79	1402.86
786.98	1425.39
787.16	1411.05
787.35	1456.11
787.53	1431.53
787.72	1320.94
787.90	1368.04
788.09	1372.14
788.28	1406.95
788.46	1441.77
788.65	1355.76
788.83	1390.57
789.02	1398.76
789.20	1435.63
789.39	1447.91
789.57	1368.04
789.76	1456.11
789.94	1474.54
790.13	1542.12
790.31	1413.10
790.50	1361.90
790.68	1456.11
790.87	1372.14
791.05	1386.47
791.24	1462.25
791.42	1484.78
791.61	1421.29
791.79	1366.00
791.98	1357.80
792.16	1454.06
792.35	1447.91
792.53	1392.62
792.72	1394.67
792.90	1423.34
793.09	1458.15
793.27	1437.67
793.46	1417.19
793.64	1425.39
793.83	1396.71
794.01	1468.39
794.20	1325.04
794.38	1388.52
794.57	1474.54
794.75	1398.76
794.94	1386.47
795.12	1419.24
795.31	1439.72
795.49	1454.06
795.68	1406.95
795.86	1458.15
796.05	1464.30
796.23	1359.85
796.42	1456.11
796.60	1382.38
796.78	1429.48
796.97	1409.00
797.15	1406.95
797.34	1433.58
797.52	1413.10
797.71	1439.72
797.89	1396.71
798.08	1429.48
798.26	1394.67
798.45	1400.81
798.63	1341.42
798.81	1511.40
799.00	1398.76
799.18	1429.48
799.37	1452.01
799.55	1370.09
799.74	1333.23
799.92	1394.67
800.11	1384.43
800.29	1378.28
800.47	1415.15
800.66	1368.04
800.84	1406.95
801.03	1497.07
801.21	1400.81
801.40	1433.58
801.58	1411.05
801.76	1427.43
801.95	1439.72
802.13	1415.15
802.32	1390.57
802.50	1363.95
802.69	1331.18
802.87	1353.71
803.05	1396.71
803.24	1398.76
803.42	1447.91
803.61	1370.09
803.79	1413.10
803.97	1396.71
804.16	1390.57
804.34	1404.91
804.53	1331.18
804.71	1429.48
804.89	1456.11
805.08	1380.33
805.26	1517.54
805.45	1394.67
805.63	1384.43
805.81	1312.75
806.00	1382.38
806.18	1378.28
806.37	1447.91
806.55	1411.05
806.73	1429.48
806.92	1460.20
807.10	1435.63
807.28	1439.72
807.47	1419.24
807.65	1406.95
807.84	1411.05
808.02	1372.14
808.20	1409.00
808.39	1460.20
808.57	1419.24
808.75	1382.38
808.94	1419.24
809.12	1355.76
809.31	1337.32
809.49	1378.28
809.67	1312.75
809.86	1413.10
810.04	1437.67
810.22	1392.62
810.41	1361.90
810.59	1423.34
810.77	1419.24
810.96	1366.00
811.14	1439.72
811.32	1417.19
811.51	1390.57
811.69	1382.38
811.87	1411.05
812.06	1376.24
812.24	1339.37
812.42	1390.57
812.61	1394.67
812.79	1345.52
812.97	1392.62
813.16	1443.82
813.34	1488.87
813.52	1480.68
813.71	1409.00
813.89	1400.81
814.07	1359.85
814.26	1468.39
814.44	1398.76
814.62	1462.25
814.81	1484.78
814.99	1402.86
815.17	1693.67
815.36	1433.58
815.54	1454.06
815.72	1421.29
815.91	1380.33
816.09	1349.61
816.27	1421.29
816.45	1378.28
816.64	1413.10
816.82	1425.39
817.00	1443.82
817.19	1386.47
817.37	1445.87
817.55	1447.91
817.74	1398.76
817.92	1322.99
818.10	1370.09
818.28	1339.37
818.47	1394.67
818.65	1423.34
818.83	1384.43
819.02	1419.24
819.20	1390.57
819.38	1423.34
819.56	1435.63
819.75	1400.81
819.93	1376.24
820.11	1361.90
820.29	1435.63
820.48	1400.81
820.66	1398.76
820.84	1376.24
821.03	1398.76
821.21	1384.43
821.39	1456.11
821.57	1322.99
821.76	1382.38
821.94	1468.39
822.12	1368.04
822.30	1400.81
822.49	1382.38
822.67	1511.40
822.85	1392.62
823.03	1439.72
823.22	1366.00
823.40	1402.86
823.58	1355.76
823.76	1398.76
823.95	1445.87
824.13	1406.95
824.31	1349.61
824.49	1370.09
824.68	1464.30
824.86	1390.57
825.04	1382.38
825.22	1355.76
825.40	1441.77
825.59	1423.34
825.77	1476.59
825.95	1417.19
826.13	1363.95
826.32	1349.61
826.50	1472.49
826.68	1370.09
826.86	1402.86
827.04	1349.61
827.23	1388.52
827.41	1433.58
827.59	1353.71
827.77	1415.15
827.95	1447.91
828.14	1398.76
828.32	1378.28
828.50	1507.30
828.68	1380.33
828.86	1355.76
829.05	1351.66
829.23	1392.62
829.41	1370.09
829.59	1394.67
829.77	1437.67
829.96	1392.62
830.14	1333.23
830.32	1423.34
830.50	1402.86
830.68	1427.43
830.87	1339.37
831.05	1441.77
831.23	1433.58
831.41	1470.44
831.59	1359.85
831.77	1421.29
831.96	1443.82
832.14	1411.05
832.32	1402.86
832.50	1474.54
832.68	1411.05
832.86	1445.87
833.05	1464.30
833.23	1392.62
833.41	1388.52
833.59	1388.52
833.77	1456.11
833.95	1460.20
834.14	1472.49
834.32	1353.71
834.50	1447.91
834.68	1402.86
834.86	1386.47
835.04	1419.24
835.22	1380.33
835.41	1398.76
835.59	1390.57
835.77	1341.42
835.95	1370.09
836.13	1452.01
836.31	1349.61
836.49	1386.47
836.67	1388.52
836.86	1370.09
837.04	1372.14
837.22	1366.00
837.40	1409.00
837.58	1359.85
837.76	1349.61
837.94	1376.24
838.12	1349.61
838.31	1349.61
838.49	1409.00
838.67	1380.33
838.85	1415.15
839.03	1398.76
839.21	1445.87
839.39	1370.09
839.57	1386.47
839.75	1404.91
839.94	1462.25
840.12	1429.48
840.30	1415.15
840.48	1462.25
840.66	1404.91
840.84	1484.78
841.02	1409.00
841.20	1411.05
841.38	1353.71
841.56	1423.34
841.74	1366.00
841.93	1439.72
842.11	1443.82
842.29	1345.52
842.47	1357.80
842.65	1484.78
842.83	1452.01
843.01	1411.05
843.19	1372.14
843.37	1439.72
843.55	1368.04
843.73	1398.76
843.91	1406.95
844.09	1413.10
844.28	1415.15
844.46	1419.24
844.64	1314.80
844.82	1443.82
845.00	1478.63
845.18	1378.28
845.36	1472.49
845.54	1417.19
845.72	1427.43
845.90	1454.06
846.08	1374.19
846.26	1474.54
846.44	1417.19
846.62	1409.00
846.80	1316.84
846.98	1386.47
847.16	1409.00
847.34	1382.38
847.52	1452.01
847.70	1363.95
847.88	1417.19
848.07	1359.85
848.25	1390.57
848.43	1464.30
848.61	1390.57
848.79	1415.15
848.97	1427.43
849.15	1404.91
849.33	1341.42
849.51	1464.30
849.69	1431.53
849.87	1452.01
850.05	1318.89
850.23	1386.47
850.41	1380.33
850.59	1445.87
850.77	1402.86
850.95	1429.48
851.13	1363.95
851.31	1333.23
851.49	1454.06
851.67	1384.43
851.85	1388.52
852.03	1390.57
852.21	1390.57
852.39	1394.67
852.57	1429.48
852.75	1388.52
852.93	1472.49
853.11	1376.24
853.29	1388.52
853.47	1447.91
853.65	1366.00
853.83	1368.04
854.01	1357.80
854.19	1388.52
854.37	1374.19
854.55	1398.76
854.73	1427.43
854.91	1406.95
855.08	1466.35
855.26	1374.19
855.44	1435.63
855.62	1392.62
855.80	1464.30
855.98	1427.43
856.16	1411.05
856.34	1388.52
856.52	1335.28
856.70	1413.10
856.88	1400.81
857.06	1312.75
857.24	1372.14
857.42	1376.24
857.60	1380.33
857.78	1366.00
857.96	1398.76
858.14	1394.67
858.32	1449.96
858.50	1427.43
858.68	1445.87
858.85	1343.47
859.03	1376.24
859.21	1443.82
859.39	1392.62
859.57	1380.33
859.75	1441.77
859.93	1460.20
860.11	1370.09
860.29	1376.24
860.47	1396.71
860.65	1404.91
860.83	1425.39
861.01	1464.30
861.18	1464.30
861.36	1466.35
861.54	1368.04
861.72	1460.20
861.90	1376.24
862.08	1390.57
862.26	1454.06
862.44	1390.57
862.62	1406.95
862.80	1468.39
862.98	1421.29
863.15	1359.85
863.33	1478.63
863.51	1392.62
863.69	1390.57
863.87	1406.95
864.05	1488.87
864.23	1361.90
864.41	1339.37
864.59	1341.42
864.76	1363.95
864.94	1325.04
865.12	1337.32
865.30	1374.19
865.48	1464.30
865.66	1372.14
865.84	1351.66
866.02	1376.24
866.19	1417.19
866.37	1357.80
866.55	1357.80
866.73	1382.38
866.91	1382.38
867.09	1437.67
867.27	1427.43
867.44	1445.87
867.62	1402.86
867.80	1398.76
867.98	1374.19
868.16	1349.61
868.34	1374.19
868.52	1402.86
868.69	1343.47
868.87	1431.53
869.05	1390.57
869.23	1382.38
869.41	1427.43
869.59	1366.00
869.76	1449.96
869.94	1394.67
870.12	1400.81
870.30	1392.62
870.48	1425.39
870.66	1439.72
870.83	1441.77
871.01	1376.24
871.19	1447.91
871.37	1452.01
871.55	1464.30
871.73	1462.25
871.90	1368.04
872.08	1374.19
872.26	1394.67
872.44	1396.71
872.62	1454.06
872.79	1435.63
872.97	1433.58
873.15	1423.34
873.33	1382.38
873.51	1464.30
873.68	1390.57
873.86	1425.39
874.04	1472.49
874.22	1409.00
874.40	1423.34
874.57	1413.10
874.75	1499.11
874.93	1458.15
875.11	1392.62
875.29	1468.39
875.46	1470.44
875.64	1439.72
875.82	1419.24
876.00	1415.15
876.17	1427.43
876.35	1372.14
876.53	1411.05
876.71	1441.77
876.89	1431.53
877.06	1497.07
877.24	1312.75
877.42	1480.68
877.60	1409.00
877.77	1411.05
877.95	1464.30
878.13	1380.33
878.31	1425.39
878.48	1452.01
878.66	1435.63
878.84	1423.34
879.02	1333.23
879.19	1521.64
879.37	1460.20
879.55	1366.00
879.73	1386.47
879.90	1488.87
880.08	1390.57
880.26	1409.00
880.44	1382.38
880.61	1378.28
880.79	1400.81
880.97	1382.38
881.15	1419.24
881.32	1406.95
881.50	1421.29
881.68	1456.11
881.85	1394.67
882.03	1468.39
882.21	1425.39
882.39	1390.57
882.56	1382.38
882.74	1396.71
882.92	1419.24
883.09	1347.56
883.27	1474.54
883.45	1460.20
883.63	1449.96
883.80	1429.48
883.98	1368.04
884.16	1339.37
884.33	1380.33
884.51	1421.29
884.69	1443.82
884.87	1386.47
885.04	1452.01
885.22	1452.01
885.40	1460.20
885.57	1431.53
885.75	1433.58
885.93	1366.00
886.10	1472.49
886.28	1472.49
886.46	1331.18
886.63	1480.68
886.81	1509.35
886.99	1386.47
887.16	1349.61
887.34	1431.53
887.52	1433.58
887.69	1345.52
887.87	1398.76
888.05	1409.00
888.22	1366.00
888.40	1447.91
888.58	1404.91
888.75	1382.38
888.93	1294.32
889.11	1374.19
889.28	1370.09
889.46	1345.52
889.64	1392.62
889.81	1415.15
889.99	1331.18
890.17	1421.29
890.34	1361.90
890.52	1404.91
890.70	1406.95
890.87	1497.07
891.05	1449.96
891.22	1499.11
891.40	1423.34
891.58	1435.63
891.75	1406.95
891.93	1411.05
892.11	1351.66
892.28	1390.57
892.46	1441.77
892.63	1349.61
892.81	1355.76
892.99	1404.91
893.16	1406.95
893.34	1318.89
893.52	1384.43
893.69	1390.57
893.87	1417.19
894.04	1431.53
894.22	1398.76
894.40	1394.67
894.57	1378.28
894.75	1445.87
894.92	1499.11
895.10	1390.57
895.28	1390.57
895.45	1398.76
895.63	1427.43
895.80	1417.19
895.98	1425.39
896.16	1415.15
896.33	1392.62
896.51	1388.52
896.68	1394.67
896.86	1466.35
897.04	1429.48
897.21	1359.85
897.39	1415.15
897.56	1417.19
897.74	1374.19
897.91	1441.77
898.09	1382.38
898.27	1437.67
898.44	1400.81
898.62	1411.05
898.79	1392.62
898.97	1392.62
899.14	1423.34
899.32	1423.34
899.49	1415.15
899.67	1468.39
899.85	1345.52
900.02	1345.52
900.20	1441.77
900.37	1439.72
900.55	1376.24
900.72	1402.86
900.90	1394.67
901.07	1386.47
901.25	1392.62
901.43	1458.15
901.60	1406.95
901.78	1476.59
901.95	1454.06
902.13	1341.42
902.30	1376.24
902.48	1417.19
902.65	1335.28
902.83	1423.34
903.00	1384.43
903.18	1435.63
903.35	1413.10
903.53	1476.59
903.70	1398.76
903.88	1423.34
904.05	1406.95
904.23	1464.30
904.40	1337.32
904.58	1398.76
904.75	1482.73
904.93	1402.86
905.10	1447.91
905.28	1415.15
905.45	1374.19
905.63	1445.87
905.80	1388.52
905.98	1460.20
906.15	1392.62
906.33	1341.42
906.50	1411.05
906.68	1396.71
906.85	1341.42
907.03	1306.60
907.20	1368.04
907.38	1396.71
907.55	1419.24
907.73	1437.67
907.90	1320.94
908.08	1402.86
908.25	1396.71
908.43	1398.76
908.60	1429.48
908.78	1376.24
908.95	1398.76
909.13	1482.73
909.30	1398.76
909.47	1406.95
909.65	1415.15
909.82	1366.00
910.00	1419.24
910.17	1398.76
910.35	1433.58
910.52	1400.81
910.70	1402.86
910.87	1443.82
911.05	1443.82
911.22	1345.52
911.39	1433.58
911.57	1404.91
911.74	1388.52
911.92	1445.87
912.09	1447.91
912.27	1445.87
912.44	1472.49
912.61	1413.10
912.79	1421.29
912.96	1439.72
913.14	1343.47
913.31	1366.00
913.49	1429.48
913.66	1322.99
913.83	1486.83
914.01	1439.72
914.18	1351.66
914.36	1380.33
914.53	1378.28
914.70	1417.19
914.88	1476.59
915.05	1443.82
915.23	1417.19
915.40	1441.77
915.58	1345.52
915.75	1390.57
915.92	1359.85
916.10	1447.91
916.27	1331.18
916.44	1394.67
916.62	1349.61
916.79	1433.58
916.97	1357.80
917.14	1437.67
917.31	1409.00
917.49	1417.19
917.66	1388.52
917.84	1427.43
918.01	1388.52
918.18	1507.30
918.36	1478.63
918.53	1431.53
918.70	1417.19
918.88	1343.47
919.05	1368.04
919.23	1404.91
919.40	1495.02
919.57	1343.47
919.75	1421.29
919.92	1322.99
920.09	1357.80
920.27	1390.57
920.44	1322.99
920.61	1441.77
920.79	1400.81
920.96	1384.43
921.13	1456.11
921.31	1396.71
921.48	1423.34
921.65	1452.01
921.83	1363.95
922.00	1462.25
922.17	1429.48
922.35	1409.00
922.52	1368.04
922.69	1411.05
922.87	1441.77
923.04	1349.61
923.21	1417.19
923.39	1517.54
923.56	1447.91
923.73	1441.77
923.91	1355.76
924.08	1425.39
924.25	1378.28
924.43	1447.91
924.60	1431.53
924.77	1370.09
924.95	1361.90
925.12	1402.86
925.29	1396.71
925.47	1429.48
925.64	1411.05
925.81	1425.39
925.98	1429.48
926.16	1449.96
926.33	1394.67
926.50	1435.63
926.68	1378.28
926.85	1464.30
927.02	1458.15
927.19	1386.47
927.37	1445.87
927.54	1357.80
927.71	1419.24
927.89	1515.50
928.06	1384.43
928.23	1359.85
928.40	1384.43
928.58	1445.87
928.75	1419.24
928.92	1361.90
929.09	1339.37
929.27	1331.18
929.44	1452.01
929.61	1464.30
929.79	1378.28
929.96	1351.66
930.13	1417.19
930.30	1447.91
930.48	1435.63
930.65	1343.47
930.82	1427.43
930.99	1404.91
931.17	1322.99
931.34	1439.72
931.51	1429.48
931.68	1382.38
931.85	1423.34
932.03	1435.63
932.20	1333.23
932.37	1353.71
932.54	1456.11
932.72	1398.76
932.89	1423.34
933.06	1322.99
933.23	1437.67
933.41	1464.30
933.58	1452.01
933.75	1359.85
933.92	1421.29
934.09	1417.19
934.27	1372.14
934.44	1388.52
934.61	1421.29
934.78	1456.11
934.95	1447.91
935.13	1378.28
935.30	1458.15
935.47	1394.67
935.64	1378.28
935.81	1443.82
935.99	1470.44
936.16	1366.00
936.33	1464.30
936.50	1359.85
936.67	1368.04
936.85	1464.30
937.02	1406.95
937.19	1468.39
937.36	1404.91
937.53	1435.63
937.71	1355.76
937.88	1427.43
938.05	1384.43
938.22	1378.28
938.39	1355.76
938.56	1404.91
938.74	1449.96
938.91	1441.77
939.08	1409.00
939.25	1431.53
939.42	1415.15
939.59	1415.15
939.77	1415.15
939.94	1400.81
940.11	1402.86
940.28	1499.11
940.45	1374.19
940.62	1308.65
940.79	1495.02
940.97	1425.39
941.14	1447.91
941.31	1435.63
941.48	1396.71
941.65	1349.61
941.82	1439.72
941.99	1411.05
942.17	1419.24
942.34	1404.91
942.51	1406.95
942.68	1333.23
942.85	1325.04
943.02	1370.09
943.19	1429.48
943.36	1388.52
943.54	1449.96
943.71	1378.28
943.88	1363.95
944.05	1427.43
944.22	1417.19
944.39	1378.28
944.56	1314.80
944.73	1343.47
944.90	1474.54
945.08	1390.57
945.25	1417.19
945.42	1415.15
945.59	1374.19
945.76	1423.34
945.93	1320.94
946.10	1421.29
946.27	1411.05
946.44	1398.76
946.61	1384.43
946.78	1423.34
946.96	1466.35
947.13	1454.06
947.30	1406.95
947.47	1382.38
947.64	1386.47
947.81	1427.43
947.98	1413.10
948.15	1443.82
948.32	1312.75
948.49	1392.62
948.66	1452.01
948.83	1460.20
949.00	1398.76
949.17	1390.57
949.35	1380.33
949.52	1337.32
949.69	1437.67
949.86	1409.00
950.03	1427.43
950.20	1333.23
950.37	1437.67
950.54	1445.87
950.71	1406.95
950.88	1406.95
951.05	1433.58
951.22	1374.19
951.39	1402.86
951.56	1402.86
951.73	1423.34
951.90	1384.43
952.07	1349.61
952.24	1484.78
952.41	1441.77
952.58	1433.58
952.75	1460.20
952.92	1490.92
953.09	1374.19
953.26	1372.14
953.43	1460.20
953.60	1392.62
953.77	1476.59
953.94	1394.67
954.11	1327.08
954.28	1468.39
954.45	1378.28
954.62	1413.10
954.79	1366.00
954.96	1337.32
955.13	1509.35
955.30	1435.63
955.47	1382.38
955.64	1402.86
955.81	1343.47
955.98	1439.72
956.15	1357.80
956.32	1468.39
956.49	1390.57
956.66	1396.71
956.83	1423.34
957.00	1382.38
957.17	1394.67
957.34	1417.19
957.51	1361.90
957.68	1445.87
957.85	1415.15
958.02	1429.48
958.19	1349.61
958.36	1398.76
958.53	1374.19
958.70	1421.29
958.87	1400.81
959.04	1359.85
959.21	1316.84
959.38	1368.04
959.55	1392.62
959.72	1495.02
959.89	1382.38
960.06	1427.43
960.23	1361.90
960.39	1437.67
960.56	1425.39
960.73	1368.04
960.90	1378.28
961.07	1368.04
961.24	1382.38
961.41	1400.81
961.58	1417.19
961.75	1476.59
961.92	1427.43
962.09	1382.38
962.26	1449.96
962.43	1376.24
962.60	1374.19
962.76	1497.07
962.93	1378.28
963.10	1357.80
963.27	1425.39
963.44	1380.33
963.61	1376.24
963.78	1435.63
963.95	1406.95
964.12	1404.91
964.29	1378.28
964.46	1423.34
964.62	1458.15
964.79	1454.06
964.96	1392.62
965.13	1476.59
965.30	1447.91
965.47	1409.00
965.64	1433.58
965.81	1492.97
965.98	1427.43
966.14	1456.11
966.31	1337.32
966.48	1347.56
966.65	1322.99
966.82	1443.82
966.99	1398.76
967.16	1505.26
967.33	1460.20
967.49	1415.15
967.66	1349.61
967.83	1359.85
968.00	1349.61
968.17	1384.43
968.34	1357.80
968.51	1406.95
968.67	1429.48
968.84	1343.47
969.01	1490.92
969.18	1460.20
969.35	1386.47
969.52	1472.49
969.68	1361.90
969.85	1404.91
970.02	1488.87
970.19	1425.39
970.36	1394.67
970.53	1454.06
970.69	1429.48
970.86	1509.35
971.03	1351.66
971.20	1406.95
971.37	1325.04
971.54	1404.91
971.70	1415.15
971.87	1394.67
972.04	1439.72
972.21	1460.20
972.38	1413.10
972.55	1390.57
972.71	1406.95
972.88	1343.47
973.05	1398.76
973.22	1464.30
973.39	1417.19
973.55	1363.95
973.72	1456.11
973.89	1419.24
974.06	1417.19
974.23	1478.63
974.39	1409.00
974.56	1435.63
974.73	1404.91
974.90	1329.13
975.06	1370.09
975.23	1392.62
975.40	1392.62
975.57	1435.63
975.74	1390.57
975.90	1409.00
976.07	1378.28
976.24	1449.96
976.41	1396.71
976.57	1396.71
976.74	1349.61
976.91	1363.95
977.08	1386.47
977.24	1443.82
977.41	1382.38
977.58	1277.93
977.75	1392.62
977.92	1454.06
978.08	1435.63
978.25	1406.95
978.42	1409.00
978.58	1449.96
978.75	1380.33
978.92	1460.20
979.09	1427.43
979.25	1343.47
979.42	1419.24
979.59	1329.13
979.76	1345.52
979.92	1402.86
980.09	1431.53
980.26	1366.00
980.43	1411.05
980.59	1421.29
980.76	1394.67
980.93	1370.09
981.09	1400.81
981.26	1392.62
981.43	1470.44
981.60	1456.11
981.76	1390.57
981.93	1372.14
982.10	1376.24
982.26	1384.43
982.43	1480.68
982.60	1402.86
982.77	1468.39
982.93	1462.25
983.10	1368.04
983.27	1509.35
983.43	1384.43
983.60	1390.57
983.77	1431.53
983.93	1382.38
984.10	1437.67
984.27	1376.24
984.43	1454.06
984.60	1443.82
984.77	1382.38
984.93	1413.10
985.10	1486.83
985.27	1476.59
985.43	1406.95
985.60	1468.39
985.77	1392.62
985.93	1431.53
986.10	1370.09
986.27	1382.38
986.43	1437.67
986.60	1382.38
986.77	1345.52
986.93	1449.96
987.10	1411.05
987.27	1425.39
987.43	1366.00
987.60	1417.19
987.77	1392.62
987.93	1466.35
988.10	1382.38
988.27	1361.90
988.43	1396.71
988.60	1435.63
988.76	1441.77
988.93	1490.92
989.10	1417.19
989.26	1435.63
989.43	1417.19
989.60	1431.53
989.76	1431.53
989.93	1439.72
990.09	1382.38
990.26	1394.67
990.43	1394.67
990.59	1413.10
990.76	1406.95
990.92	1466.35
991.09	1456.11
991.26	1400.81
991.42	1398.76
991.59	1445.87
991.76	1322.99
991.92	1366.00
992.09	1361.90
992.25	1482.73
992.42	1456.11
992.58	1447.91
992.75	1427.43
992.92	1484.78
993.08	1390.57
993.25	1486.83
993.41	1382.38
993.58	1468.39
993.75	1480.68
993.91	1449.96
994.08	1454.06
994.24	1378.28
994.41	1384.43
994.57	1406.95
994.74	1431.53
994.91	1343.47
995.07	1341.42
995.24	1425.39
995.40	1398.76
995.57	1419.24
995.73	1431.53
995.90	1425.39
996.06	1400.81
996.23	1425.39
996.40	1345.52
996.56	1400.81
996.73	1437.67
996.89	1497.07
997.06	1368.04
997.22	1486.83
997.39	1402.86
997.55	1437.67
997.72	1439.72
997.88	1425.39
998.05	1396.71
998.21	1554.41
998.38	1386.47
998.54	1368.04
998.71	1452.01
998.87	1462.25
999.04	1439.72
999.21	1466.35
999.37	1452.01
999.54	1468.39
999.70	1380.33
999.87	1449.96
1000.03	1423.34
1000.20	1423.34
1000.36	1449.96
1000.53	1390.57
1000.69	1394.67
1000.86	1427.43
1001.02	1423.34
1001.19	1425.39
1001.35	1341.42
1001.52	1406.95
1001.68	1419.24
1001.84	1372.14
1002.01	1355.76
1002.17	1421.29
1002.34	1298.41
1002.50	1447.91
1002.67	1355.76
1002.83	1419.24
1003.00	1409.00
1003.16	1443.82
1003.33	1351.66
1003.49	1454.06
1003.66	1376.24
1003.82	1462.25
1003.99	1372.14
1004.15	1386.47
1004.32	1359.85
1004.48	1349.61
1004.64	1402.86
1004.81	1419.24
1004.97	1486.83
1005.14	1411.05
1005.30	1406.95
1005.47	1513.45
1005.63	1417.19
1005.80	1419.24
1005.96	1380.33
1006.12	1390.57
1006.29	1411.05
1006.45	1521.64
1006.62	1445.87
1006.78	1363.95
1006.95	1415.15
1007.11	1458.15
1007.27	1454.06
1007.44	1355.76
1007.60	1384.43
1007.77	1464.30
1007.93	1439.72
1008.09	1366.00
1008.26	1439.72
1008.42	1480.68
1008.59	1413.10
1008.75	1380.33
1008.92	1445.87
1009.08	1439.72
1009.24	1433.58
1009.41	1366.00
1009.57	1316.84
1009.73	1382.38
1009.90	1470.44
1010.06	1456.11
1010.23	1441.77
1010.39	1413.10
1010.55	1421.29
1010.72	1353.71
1010.88	1404.91
1011.05	1443.82
1011.21	1380.33
1011.37	1431.53
1011.54	1437.67
1011.70	1433.58
1011.86	1400.81
1012.03	1386.47
1012.19	1353.71
1012.36	1392.62
1012.52	1388.52
1012.68	1427.43
1012.85	1359.85
1013.01	1441.77
1013.17	1361.90
1013.34	1382.38
1013.50	1411.05
1013.66	1435.63
1013.83	1439.72
1013.99	1353.71
1014.15	1406.95
1014.32	1417.19
1014.48	1402.86
1014.64	1425.39
1014.81	1409.00
1014.97	1378.28
1015.13	1462.25
1015.30	1419.24
1015.46	1374.19
1015.62	1423.34
1015.79	1347.56
1015.95	1406.95
1016.11	1384.43
1016.28	1425.39
1016.44	1431.53
1016.60	1396.71
1016.77	1380.33
1016.93	1382.38
1017.09	1443.82
1017.26	1396.71
1017.42	1392.62
1017.58	1429.48
1017.74	1398.76
1017.91	1388.52
1018.07	1417.19
1018.23	1427.43
1018.40	1505.26
1018.56	1327.08
1018.72	1345.52
1018.88	1378.28
1019.05	1452.01
1019.21	1421.29
1019.37	1441.77
1019.54	1384.43
1019.70	1402.86
1019.86	1415.15
1020.02	1374.19
1020.19	1409.00
1020.35	1322.99
1020.51	1441.77
1020.68	1392.62
1020.84	1431.53
1021.00	1312.75
1021.16	1370.09
1021.33	1400.81
1021.49	1404.91
1021.65	1347.56
1021.81	1402.86
1021.98	1339.37
1022.14	1345.52
1022.30	1396.71
1022.46	1411.05
1022.63	1447.91
1022.79	1495.02
1022.95	1298.41
1023.11	1353.71
1023.27	1372.14
1023.44	1452.01
1023.60	1402.86
1023.76	1423.34
1023.92	1501.16
1024.09	1413.10
1024.25	1433.58
1024.41	1468.39
1024.57	1435.63
1024.74	1327.08
1024.90	1390.57
1025.06	1462.25
1025.22	1404.91
1025.38	1394.67
1025.55	1460.20
1025.71	1392.62
1025.87	1404.91
1026.03	1370.09
1026.19	1400.81
1026.36	1404.91
1026.52	1435.63
1026.68	1359.85
1026.84	1429.48
1027.00	1421.29
1027.17	1423.34
1027.33	1433.58
1027.49	1394.67
1027.65	1447.91
1027.81	1429.48
1027.97	1382.38
1028.14	1411.05
1028.30	1492.97
1028.46	1509.35
1028.62	1488.87
1028.78	1386.47
1028.94	1419.24
1029.11	1472.49
1029.27	1400.81
1029.43	1425.39
1029.59	1376.24
1029.75	1366.00
1029.91	1419.24
1030.08	1417.19
1030.24	1423.34
1030.40	1370.09
1030.56	1419.24
1030.72	1427.43
1030.88	1400.81
1031.04	1398.76
1031.21	1468.39
1031.37	1425.39
1031.53	1392.62
1031.69	1378.28
1031.85	1337.32
1032.01	1335.28
1032.17	1433.58
1032.34	1486.83
1032.50	1390.57
1032.66	1347.56
1032.82	1468.39
1032.98	1345.52
1033.14	1472.49
1033.30	1398.76
1033.46	1433.58
1033.62	1452.01
1033.79	1415.15
1033.95	1427.43
1034.11	1439.72
1034.27	1460.20
1034.43	1458.15
1034.59	1374.19
1034.75	1374.19
1034.91	1376.24
1035.07	1468.39
1035.23	1447.91
1035.40	1470.44
1035.56	1486.83
1035.72	1480.68
1035.88	1460.20
1036.04	1282.03
1036.20	1380.33
